EXPORTER_V1
VERTEX = 530
130.144 223.104 0.0
128.328 229.967 0.0
130.434 232.254 0.0
134.719 229.967 0.0
139.44 223.104 0.0
120.058 223.104 -51.0814
118.383 229.967 -50.3688
120.326 232.254 -51.1955
124.278 229.967 -52.8773
128.633 223.104 -54.7301
92.4021 223.104 -92.4021
91.113 229.967 -91.113
92.6083 232.254 -92.6083
95.6506 229.967 -95.6506
99.0022 223.104 -99.0022
51.0814 223.104 -120.058
50.3688 229.967 -118.383
51.1955 232.254 -120.326
52.8773 229.967 -124.278
54.7301 223.104 -128.633
0.0 223.104 -130.144
0.0 229.967 -128.328
0.0 232.254 -130.434
0.0 229.967 -134.719
0.0 223.104 -139.44
-54.611 223.104 -120.058
-51.8578 229.967 -118.383
-51.6367 232.254 -120.326
-52.9324 229.967 -124.278
-54.7301 223.104 -128.633
-95.5395 223.104 -92.4021
-92.4366 229.967 -91.113
-93.0005 232.254 -92.6083
-95.6996 229.967 -95.6506
-99.0022 223.104 -99.0022
-121.234 223.104 -51.0814
-118.879 229.967 -50.3688
-120.473 232.254 -51.1955
-124.297 229.967 -52.8773
-128.633 223.104 -54.7301
-130.144 223.104 0.0
-128.328 229.967 0.0
-130.434 232.254 0.0
-134.719 229.967 0.0
-139.44 223.104 0.0
-120.058 223.104 51.0814
-118.383 229.967 50.3688
-120.326 232.254 51.1955
-124.278 229.967 52.8773
-128.633 223.104 54.7301
-92.4021 223.104 92.4021
-91.113 229.967 91.113
-92.6083 232.254 92.6083
-95.6506 229.967 95.6506
-99.0022 223.104 99.0022
-51.0814 223.104 120.058
-50.3688 229.967 118.383
-51.1955 232.254 120.326
-52.8773 229.967 124.278
-54.7301 223.104 128.633
0.0 223.104 130.144
0.0 229.967 128.328
0.0 232.254 130.434
0.0 229.967 134.719
0.0 223.104 139.44
51.0814 223.104 120.058
50.3688 229.967 118.383
51.1955 232.254 120.326
52.8773 229.967 124.278
54.7301 223.104 128.633
92.4021 223.104 92.4021
91.113 229.967 91.113
92.6083 232.254 92.6083
95.6506 229.967 95.6506
99.0022 223.104 99.0022
120.058 223.104 51.0814
118.383 229.967 50.3688
120.326 232.254 51.1955
124.278 229.967 52.8773
128.633 223.104 54.7301
156.507 186.61 0.0
171.395 150.769 0.0
181.925 116.236 0.0
185.92 83.6639 0.0
144.377 186.61 -61.4288
158.112 150.769 -67.2724
167.826 116.236 -71.4057
171.511 83.6639 -72.9735
111.12 186.61 -111.12
121.69 150.769 -121.69
129.167 116.236 -129.167
132.003 83.6639 -132.003
61.4288 186.61 -144.377
67.2724 150.769 -158.112
71.4057 116.236 -167.826
72.9735 83.6639 -171.511
0.0 186.61 -156.507
0.0 150.769 -171.395
0.0 116.236 -181.925
0.0 83.6639 -185.92
-61.4288 186.61 -144.377
-67.2724 150.769 -158.112
-71.4057 116.236 -167.826
-72.9735 83.6639 -171.511
-111.12 186.61 -111.12
-121.69 150.769 -121.69
-129.167 116.236 -129.167
-132.003 83.6639 -132.003
-144.377 186.61 -61.4288
-158.112 150.769 -67.2724
-167.826 116.236 -71.4057
-171.511 83.6639 -72.9735
-156.507 186.61 0.0
-171.395 150.769 0.0
-181.925 116.236 0.0
-185.92 83.6639 0.0
-144.377 186.61 61.4288
-158.112 150.769 67.2724
-167.826 116.236 71.4057
-171.511 83.6639 72.9735
-111.12 186.61 111.12
-121.69 150.769 121.69
-129.167 116.236 129.167
-132.003 83.6639 132.003
-61.4288 186.61 144.377
-67.2724 150.769 158.112
-71.4057 116.236 167.826
-72.9735 83.6639 171.511
0.0 186.61 156.507
0.0 150.769 171.395
0.0 116.236 181.925
0.0 83.6639 185.92
61.4288 186.61 144.377
67.2724 150.769 158.112
71.4057 116.236 167.826
72.9735 83.6639 171.511
111.12 186.61 111.12
121.69 150.769 121.69
129.167 116.236 129.167
132.003 83.6639 132.003
144.377 186.61 61.4288
158.112 150.769 67.2724
167.826 116.236 71.4057
171.511 83.6639 72.9735
178.657 56.1027 0.0
162.68 35.7314 0.0
146.702 21.8964 0.0
139.44 13.944 0.0
164.811 56.1027 -70.123
150.072 35.7314 -63.8518
135.333 21.8964 -57.5806
128.633 13.944 -54.7301
126.847 56.1027 -126.847
115.503 35.7314 -115.503
104.159 21.8964 -104.159
99.0022 13.944 -99.0022
70.123 56.1027 -164.811
63.8518 35.7314 -150.072
57.5806 21.8964 -135.333
54.7301 13.944 -128.633
0.0 56.1027 -178.657
0.0 35.7314 -162.68
0.0 21.8964 -146.702
0.0 13.944 -139.44
-70.123 56.1027 -164.811
-63.8518 35.7314 -150.072
-57.5806 21.8964 -135.333
-54.7301 13.944 -128.633
-126.847 56.1027 -126.847
-115.503 35.7314 -115.503
-104.159 21.8964 -104.159
-99.0022 13.944 -99.0022
-164.811 56.1027 -70.123
-150.072 35.7314 -63.8518
-135.333 21.8964 -57.5806
-128.633 13.944 -54.7301
-178.657 56.1027 0.0
-162.68 35.7314 0.0
-146.702 21.8964 0.0
-139.44 13.944 0.0
-164.811 56.1027 70.123
-150.072 35.7314 63.8518
-135.333 21.8964 57.5806
-128.633 13.944 54.7301
-126.847 56.1027 126.847
-115.503 35.7314 115.503
-104.159 21.8964 104.159
-99.0022 13.944 99.0022
-70.123 56.1027 164.811
-63.8518 35.7314 150.072
-57.5806 21.8964 135.333
-54.7301 13.944 128.633
0.0 56.1027 178.657
0.0 35.7314 162.68
0.0 21.8964 146.702
0.0 13.944 139.44
70.123 56.1027 164.811
63.8518 35.7314 150.072
57.5806 21.8964 135.333
54.7301 13.944 128.633
126.847 56.1027 126.847
115.503 35.7314 115.503
104.159 21.8964 104.159
99.0022 13.944 99.0022
164.811 56.1027 70.123
150.072 35.7314 63.8518
135.333 21.8964 57.5806
128.633 13.944 54.7301
136.281 8.82392 0.0
119.395 4.35749 0.0
77.6723 1.19831 0.0
0.0 0.0 0.0
125.719 8.82392 -53.4901
110.142 4.35749 -46.8627
71.6527 1.19831 -30.4864
96.7592 8.82392 -96.7592
84.7707 4.35749 -84.7707
55.1473 1.19831 -55.1473
53.4901 8.82392 -125.719
46.8627 4.35749 -110.142
30.4864 1.19831 -71.6527
0.0 8.82392 -136.281
0.0 4.35749 -119.395
0.0 1.19831 -77.6723
-53.4901 8.82392 -125.719
-46.8627 4.35749 -110.142
-30.4864 1.19831 -71.6527
-96.7592 8.82392 -96.7592
-84.7707 4.35749 -84.7707
-55.1473 1.19831 -55.1473
-125.719 8.82392 -53.4901
-110.142 4.35749 -46.8627
-71.6527 1.19831 -30.4864
-136.281 8.82392 0.0
-119.395 4.35749 0.0
-77.6723 1.19831 0.0
-125.719 8.82392 53.4901
-110.142 4.35749 46.8627
-71.6527 1.19831 30.4864
-96.7592 8.82392 96.7592
-84.7707 4.35749 84.7707
-55.1473 1.19831 55.1473
-53.4901 8.82392 125.719
-46.8627 4.35749 110.142
-30.4864 1.19831 71.6527
0.0 8.82392 136.281
0.0 4.35749 119.395
0.0 1.19831 77.6723
53.4901 8.82392 125.719
46.8627 4.35749 110.142
30.4864 1.19831 71.6527
96.7592 8.82392 96.7592
84.7707 4.35749 84.7707
55.1473 1.19831 55.1473
125.719 8.82392 53.4901
110.142 4.35749 46.8627
71.6527 1.19831 30.4864
-148.736 188.244 0.0
-192.165 187.917 0.0
-224.266 185.629 0.0
-244.165 179.42 0.0
-250.992 167.328 0.0
-147.283 191.512 -15.687
-193.459 191.134 -15.687
-227.352 188.489 -15.687
-248.227 181.309 -15.687
-255.349 167.328 -15.687
-144.088 198.702 -20.916
-196.305 198.211 -20.916
-234.143 194.78 -20.916
-257.165 185.466 -20.916
-264.936 167.328 -20.916
-140.892 205.892 -15.687
-199.151 205.289 -15.687
-240.933 201.071 -15.687
-266.102 189.622 -15.687
-274.522 167.328 -15.687
-139.44 209.16 0.0
-200.445 208.506 0.0
-244.02 203.931 0.0
-270.165 191.512 0.0
-278.88 167.328 0.0
-140.892 205.892 15.687
-199.151 205.289 15.687
-240.933 201.071 15.687
-266.102 189.622 15.687
-274.522 167.328 15.687
-144.088 198.702 20.916
-196.305 198.211 20.916
-234.143 194.78 20.916
-257.165 185.466 20.916
-264.936 167.328 20.916
-147.283 191.512 15.687
-193.459 191.134 15.687
-227.352 188.489 15.687
-248.227 181.309 15.687
-255.349 167.328 15.687
-247.36 148.373 0.0
-235.886 125.496 0.0
-215.696 102.619 0.0
-185.92 83.6639 0.0
-251.321 146.543 -15.687
-238.7 122.704 -15.687
-216.683 99.1721 -15.687
-184.467 79.3064 -15.687
-260.033 142.517 -20.916
-244.891 116.563 -20.916
-218.855 91.5891 -20.916
-181.272 69.7199 -20.916
-268.746 138.492 -15.687
-251.082 110.422 -15.687
-221.027 84.006 -15.687
-178.076 60.1334 -15.687
-272.706 136.662 0.0
-253.897 107.63 0.0
-222.014 80.5592 0.0
-176.624 55.7759 0.0
-268.746 138.492 15.687
-251.082 110.422 15.687
-221.027 84.006 15.687
-178.076 60.1334 15.687
-260.033 142.517 20.916
-244.891 116.563 20.916
-218.855 91.5891 20.916
-181.272 69.7199 20.916
-251.321 146.543 15.687
-238.7 122.704 15.687
-216.683 99.1721 15.687
-184.467 79.3064 15.687
158.032 132.468 0.0
202.623 142.708 0.0
221.942 167.328 0.0
232.545 197.177 0.0
250.992 223.104 0.0
158.032 120.485 -34.5113
206.028 133.823 -31.1615
226.299 162.153 -23.7919
237.856 195.304 -16.4223
259.707 223.104 -13.0725
158.032 94.1218 -46.0151
213.517 114.275 -41.5487
235.886 150.769 -31.7225
249.539 191.185 -21.8964
278.88 223.104 -17.43
158.032 67.759 -34.5113
221.007 94.7278 -31.1615
245.472 139.385 -23.7919
261.223 187.066 -16.4223
298.052 223.104 -13.0725
158.032 55.7759 0.0
224.411 85.8426 0.0
249.83 134.211 0.0
266.533 185.193 0.0
306.767 223.104 0.0
158.032 67.759 34.5113
221.007 94.7278 31.1615
245.472 139.385 23.7919
261.223 187.066 16.4223
298.052 223.104 13.0725
158.032 94.1218 46.0151
213.517 114.275 41.5487
235.886 150.769 31.7225
249.539 191.185 21.8964
278.88 223.104 17.43
158.032 120.485 34.5113
206.028 133.823 31.1615
226.299 162.153 23.7919
237.856 195.304 16.4223
259.707 223.104 13.0725
257.673 227.025 0.0
262.612 228.333 0.0
264.064 227.025 0.0
260.288 223.104 0.0
267.007 227.217 -12.2554
271.372 228.639 -10.458
271.502 227.293 -8.66052
266.098 223.104 -7.84349
287.54 227.638 -16.3406
290.645 229.313 -13.944
287.867 227.883 -11.5474
278.88 223.104 -10.458
308.074 228.059 -12.2554
309.918 229.987 -10.458
304.231 228.473 -8.66052
291.662 223.104 -7.84349
317.407 228.251 0.0
318.678 230.294 0.0
311.67 228.741 0.0
297.472 223.104 0.0
308.074 228.059 12.2554
309.918 229.987 10.458
304.231 228.473 8.66052
291.662 223.104 7.84349
287.54 227.638 16.3406
290.645 229.313 13.944
287.867 227.883 11.5474
278.88 223.104 10.458
267.007 227.217 12.2554
271.372 228.639 10.458
271.502 227.293 8.66052
266.098 223.104 7.84349
0.0 292.824 0.0
31.6644 288.248 0.0
30.212 277.137 0.0
18.3015 263.41 0.0
18.592 250.992 0.0
29.2215 288.248 -12.4614
27.8803 277.137 -11.8876
16.8868 263.41 -7.19436
17.1511 250.992 -7.29735
22.5112 288.248 -22.5112
21.4766 277.137 -21.4766
13.0038 263.41 -13.0038
13.2003 250.992 -13.2003
12.4614 288.248 -29.2215
11.8876 277.137 -27.8803
7.19436 263.41 -16.8868
7.29735 250.992 -17.1511
0.0 288.248 -31.6644
0.0 277.137 -30.212
0.0 263.41 -18.3015
0.0 250.992 -18.592
-12.4614 288.248 -29.2215
-11.8876 277.137 -27.8803
-7.19436 263.41 -16.8868
-7.29735 250.992 -17.1511
-22.5112 288.248 -22.5112
-21.4766 277.137 -21.4766
-13.0038 263.41 -13.0038
-13.2003 250.992 -13.2003
-29.2215 288.248 -12.4614
-27.8803 277.137 -11.8876
-16.8868 263.41 -7.19436
-17.1511 250.992 -7.29735
-31.6644 288.248 0.0
-30.212 277.137 0.0
-18.3015 263.41 0.0
-18.592 250.992 0.0
-29.2215 288.248 12.4614
-27.8803 277.137 11.8876
-16.8868 263.41 7.19436
-17.1511 250.992 7.29735
-22.5112 288.248 22.5112
-21.4766 277.137 21.4766
-13.0038 263.41 13.0038
-13.2003 250.992 13.2003
-12.4614 288.248 29.2215
-11.8876 277.137 27.8803
-7.19436 263.41 16.8868
-7.29735 250.992 17.1511
0.0 288.248 31.6644
0.0 277.137 30.212
0.0 263.41 18.3015
0.0 250.992 18.592
12.4614 288.248 29.2215
11.8876 277.137 27.8803
7.19436 263.41 16.8868
7.29735 250.992 17.1511
22.5112 288.248 22.5112
21.4766 277.137 21.4766
13.0038 263.41 13.0038
13.2003 250.992 13.2003
29.2215 288.248 12.4614
27.8803 277.137 11.8876
16.8868 263.41 7.19436
17.1511 250.992 7.29735
42.4129 242.712 0.0
76.6919 237.048 0.0
107.485 231.383 0.0
120.848 223.104 0.0
39.1259 242.712 -16.6471
70.7483 237.048 -30.1016
99.1547 231.383 -42.1878
111.482 223.104 -47.4328
30.1132 242.712 -30.1132
54.4512 237.048 -54.4512
76.3142 231.383 -76.3142
85.8019 223.104 -85.8019
16.6471 242.712 -39.1259
30.1016 237.048 -70.7483
42.1878 231.383 -99.1547
47.4328 223.104 -111.482
0.0 242.712 -42.4129
0.0 237.048 -76.6919
0.0 231.383 -107.485
0.0 223.104 -120.848
-16.6471 242.712 -39.1259
-30.1016 237.048 -70.7483
-42.1878 231.383 -99.1547
-47.4328 223.104 -111.482
-30.1132 242.712 -30.1132
-54.4512 237.048 -54.4512
-76.3142 231.383 -76.3142
-85.8019 223.104 -85.8019
-39.1259 242.712 -16.6471
-70.7483 237.048 -30.1016
-99.1547 231.383 -42.1878
-111.482 223.104 -47.4328
-42.4129 242.712 0.0
-76.6919 237.048 0.0
-107.485 231.383 0.0
-120.848 223.104 0.0
-39.1259 242.712 16.6471
-70.7483 237.048 30.1016
-99.1547 231.383 42.1878
-111.482 223.104 47.4328
-30.1132 242.712 30.1132
-54.4512 237.048 54.4512
-76.3142 231.383 76.3142
-85.8019 223.104 85.8019
-16.6471 242.712 39.1259
-30.1016 237.048 70.7483
-42.1878 231.383 99.1547
-47.4328 223.104 111.482
0.0 242.712 42.4129
0.0 237.048 76.6919
0.0 231.383 107.485
0.0 223.104 120.848
16.6471 242.712 39.1259
30.1016 237.048 70.7483
42.1878 231.383 99.1547
47.4328 223.104 111.482
30.1132 242.712 30.1132
54.4512 237.048 54.4512
76.3142 231.383 76.3142
85.8019 223.104 85.8019
39.1259 242.712 16.6471
70.7483 237.048 30.1016
99.1547 231.383 42.1878
111.482 223.104 47.4328
INDEX = 1024
0 6 5
6 0 1
1 7 6
7 1 2
2 8 7
8 2 3
3 9 8
9 3 4
5 11 10
11 5 6
6 12 11
12 6 7
7 13 12
13 7 8
8 14 13
14 8 9
10 16 15
16 10 11
11 17 16
17 11 12
12 18 17
18 12 13
13 19 18
19 13 14
15 21 20
21 15 16
16 22 21
22 16 17
17 23 22
23 17 18
18 24 23
24 18 19
20 26 25
26 20 21
21 27 26
27 21 22
22 28 27
28 22 23
23 29 28
29 23 24
25 31 30
31 25 26
26 32 31
32 26 27
27 33 32
33 27 28
28 34 33
34 28 29
30 36 35
36 30 31
31 37 36
37 31 32
32 38 37
38 32 33
33 39 38
39 33 34
35 41 40
41 35 36
36 42 41
42 36 37
37 43 42
43 37 38
38 44 43
44 38 39
40 46 45
46 40 41
41 47 46
47 41 42
42 48 47
48 42 43
43 49 48
49 43 44
45 51 50
51 45 46
46 52 51
52 46 47
47 53 52
53 47 48
48 54 53
54 48 49
50 56 55
56 50 51
51 57 56
57 51 52
52 58 57
58 52 53
53 59 58
59 53 54
55 61 60
61 55 56
56 62 61
62 56 57
57 63 62
63 57 58
58 64 63
64 58 59
60 66 65
66 60 61
61 67 66
67 61 62
62 68 67
68 62 63
63 69 68
69 63 64
65 71 70
71 65 66
66 72 71
72 66 67
67 73 72
73 67 68
68 74 73
74 68 69
70 76 75
76 70 71
71 77 76
77 71 72
72 78 77
78 72 73
73 79 78
79 73 74
75 1 0
1 75 76
76 2 1
2 76 77
77 3 2
3 77 78
78 4 3
4 78 79
4 84 9
84 4 80
80 85 84
85 80 81
81 86 85
86 81 82
82 87 86
87 82 83
9 88 14
88 9 84
84 89 88
89 84 85
85 90 89
90 85 86
86 91 90
91 86 87
14 92 19
92 14 88
88 93 92
93 88 89
89 94 93
94 89 90
90 95 94
95 90 91
19 96 24
96 19 92
92 97 96
97 92 93
93 98 97
98 93 94
94 99 98
99 94 95
24 100 29
100 24 96
96 101 100
101 96 97
97 102 101
102 97 98
98 103 102
103 98 99
29 104 34
104 29 100
100 105 104
105 100 101
101 106 105
106 101 102
102 107 106
107 102 103
34 108 39
108 34 104
104 109 108
109 104 105
105 110 109
110 105 106
106 111 110
111 106 107
39 112 44
112 39 108
108 113 112
113 108 109
109 114 113
114 109 110
110 115 114
115 110 111
44 116 49
116 44 112
112 117 116
117 112 113
113 118 117
118 113 114
114 119 118
119 114 115
49 120 54
120 49 116
116 121 120
121 116 117
117 122 121
122 117 118
118 123 122
123 118 119
54 124 59
124 54 120
120 125 124
125 120 121
121 126 125
126 121 122
122 127 126
127 122 123
59 128 64
128 59 124
124 129 128
129 124 125
125 130 129
130 125 126
126 131 130
131 126 127
64 132 69
132 64 128
128 133 132
133 128 129
129 134 133
134 129 130
130 135 134
135 130 131
69 136 74
136 69 132
132 137 136
137 132 133
133 138 137
138 133 134
134 139 138
139 134 135
74 140 79
140 74 136
136 141 140
141 136 137
137 142 141
142 137 138
138 143 142
143 138 139
79 80 4
80 79 140
140 81 80
81 140 141
141 82 81
82 141 142
142 83 82
83 142 143
83 148 87
148 83 144
144 149 148
149 144 145
145 150 149
150 145 146
146 151 150
151 146 147
87 152 91
152 87 148
148 153 152
153 148 149
149 154 153
154 149 150
150 155 154
155 150 151
91 156 95
156 91 152
152 157 156
157 152 153
153 158 157
158 153 154
154 159 158
159 154 155
95 160 99
160 95 156
156 161 160
161 156 157
157 162 161
162 157 158
158 163 162
163 158 159
99 164 103
164 99 160
160 165 164
165 160 161
161 166 165
166 161 162
162 167 166
167 162 163
103 168 107
168 103 164
164 169 168
169 164 165
165 170 169
170 165 166
166 171 170
171 166 167
107 172 111
172 107 168
168 173 172
173 168 169
169 174 173
174 169 170
170 175 174
175 170 171
111 176 115
176 111 172
172 177 176
177 172 173
173 178 177
178 173 174
174 179 178
179 174 175
115 180 119
180 115 176
176 181 180
181 176 177
177 182 181
182 177 178
178 183 182
183 178 179
119 184 123
184 119 180
180 185 184
185 180 181
181 186 185
186 181 182
182 187 186
187 182 183
123 188 127
188 123 184
184 189 188
189 184 185
185 190 189
190 185 186
186 191 190
191 186 187
127 192 131
192 127 188
188 193 192
193 188 189
189 194 193
194 189 190
190 195 194
195 190 191
131 196 135
196 131 192
192 197 196
197 192 193
193 198 197
198 193 194
194 199 198
199 194 195
135 200 139
200 135 196
196 201 200
201 196 197
197 202 201
202 197 198
198 203 202
203 198 199
139 204 143
204 139 200
200 205 204
205 200 201
201 206 205
206 201 202
202 207 206
207 202 203
143 144 83
144 143 204
204 145 144
145 204 205
205 146 145
146 205 206
206 147 146
147 206 207
147 212 151
212 147 208
208 213 212
213 208 209
209 214 213
214 209 210
210 211 214
211 210 211
151 215 155
215 151 212
212 216 215
216 212 213
213 217 216
217 213 214
214 211 217
211 214 211
155 218 159
218 155 215
215 219 218
219 215 216
216 220 219
220 216 217
217 211 220
211 217 211
159 221 163
221 159 218
218 222 221
222 218 219
219 223 222
223 219 220
220 211 223
211 220 211
163 224 167
224 163 221
221 225 224
225 221 222
222 226 225
226 222 223
223 211 226
211 223 211
167 227 171
227 167 224
224 228 227
228 224 225
225 229 228
229 225 226
226 211 229
211 226 211
171 230 175
230 171 227
227 231 230
231 227 228
228 232 231
232 228 229
229 211 232
211 229 211
175 233 179
233 175 230
230 234 233
234 230 231
231 235 234
235 231 232
232 211 235
211 232 211
179 236 183
236 179 233
233 237 236
237 233 234
234 238 237
238 234 235
235 211 238
211 235 211
183 239 187
239 183 236
236 240 239
240 236 237
237 241 240
241 237 238
238 211 241
211 238 211
187 242 191
242 187 239
239 243 242
243 239 240
240 244 243
244 240 241
241 211 244
211 241 211
191 245 195
245 191 242
242 246 245
246 242 243
243 247 246
247 243 244
244 211 247
211 244 211
195 248 199
248 195 245
245 249 248
249 245 246
246 250 249
250 246 247
247 211 250
211 247 211
199 251 203
251 199 248
248 252 251
252 248 249
249 253 252
253 249 250
250 211 253
211 250 211
203 254 207
254 203 251
251 255 254
255 251 252
252 256 255
256 252 253
253 211 256
211 253 211
207 208 147
208 207 254
254 209 208
209 254 255
255 210 209
210 255 256
256 211 210
211 256 211
257 263 262
263 257 258
258 264 263
264 258 259
259 265 264
265 259 260
260 266 265
266 260 261
262 268 267
268 262 263
263 269 268
269 263 264
264 270 269
270 264 265
265 271 270
271 265 266
267 273 272
273 267 268
268 274 273
274 268 269
269 275 274
275 269 270
270 276 275
276 270 271
272 278 277
278 272 273
273 279 278
279 273 274
274 280 279
280 274 275
275 281 280
281 275 276
277 283 282
283 277 278
278 284 283
284 278 279
279 285 284
285 279 280
280 286 285
286 280 281
282 288 287
288 282 283
283 289 288
289 283 284
284 290 289
290 284 285
285 291 290
291 285 286
287 293 292
293 287 288
288 294 293
294 288 289
289 295 294
295 289 290
290 296 295
296 290 291
292 258 257
258 292 293
293 259 258
259 293 294
294 260 259
260 294 295
295 261 260
261 295 296
261 301 266
301 261 297
297 302 301
302 297 298
298 303 302
303 298 299
299 304 303
304 299 300
266 305 271
305 266 301
301 306 305
306 301 302
302 307 306
307 302 303
303 308 307
308 303 304
271 309 276
309 271 305
305 310 309
310 305 306
306 311 310
311 306 307
307 312 311
312 307 308
276 313 281
313 276 309
309 314 313
314 309 310
310 315 314
315 310 311
311 316 315
316 311 312
281 317 286
317 281 313
313 318 317
318 313 314
314 319 318
319 314 315
315 320 319
320 315 316
286 321 291
321 286 317
317 322 321
322 317 318
318 323 322
323 318 319
319 324 323
324 319 320
291 325 296
325 291 321
321 326 325
326 321 322
322 327 326
327 322 323
323 328 327
328 323 324
296 297 261
297 296 325
325 298 297
298 325 326
326 299 298
299 326 327
327 300 299
300 327 328
329 335 334
335 329 330
330 336 335
336 330 331
331 337 336
337 331 332
332 338 337
338 332 333
334 340 339
340 334 335
335 341 340
341 335 336
336 342 341
342 336 337
337 343 342
343 337 338
339 345 344
345 339 340
340 346 345
346 340 341
341 347 346
347 341 342
342 348 347
348 342 343
344 350 349
350 344 345
345 351 350
351 345 346
346 352 351
352 346 347
347 353 352
353 347 348
349 355 354
355 349 350
350 356 355
356 350 351
351 357 356
357 351 352
352 358 357
358 352 353
354 360 359
360 354 355
355 361 360
361 355 356
356 362 361
362 356 357
357 363 362
363 357 358
359 365 364
365 359 360
360 366 365
366 360 361
361 367 366
367 361 362
362 368 367
368 362 363
364 330 329
330 364 365
365 331 330
331 365 366
366 332 331
332 366 367
367 333 332
333 367 368
333 373 338
373 333 369
369 374 373
374 369 370
370 375 374
375 370 371
371 376 375
376 371 372
338 377 343
377 338 373
373 378 377
378 373 374
374 379 378
379 374 375
375 380 379
380 375 376
343 381 348
381 343 377
377 382 381
382 377 378
378 383 382
383 378 379
379 384 383
384 379 380
348 385 353
385 348 381
381 386 385
386 381 382
382 387 386
387 382 383
383 388 387
388 383 384
353 389 358
389 353 385
385 390 389
390 385 386
386 391 390
391 386 387
387 392 391
392 387 388
358 393 363
393 358 389
389 394 393
394 389 390
390 395 394
395 390 391
391 396 395
396 391 392
363 397 368
397 363 393
393 398 397
398 393 394
394 399 398
399 394 395
395 400 399
400 395 396
368 369 333
369 368 397
397 370 369
370 397 398
398 371 370
371 398 399
399 372 371
372 399 400
401 406 401
406 401 402
402 407 406
407 402 403
403 408 407
408 403 404
404 409 408
409 404 405
401 410 401
410 401 406
406 411 410
411 406 407
407 412 411
412 407 408
408 413 412
413 408 409
401 414 401
414 401 410
410 415 414
415 410 411
411 416 415
416 411 412
412 417 416
417 412 413
401 418 401
418 401 414
414 419 418
419 414 415
415 420 419
420 415 416
416 421 420
421 416 417
401 422 401
422 401 418
418 423 422
423 418 419
419 424 423
424 419 420
420 425 424
425 420 421
401 426 401
426 401 422
422 427 426
427 422 423
423 428 427
428 423 424
424 429 428
429 424 425
401 430 401
430 401 426
426 431 430
431 426 427
427 432 431
432 427 428
428 433 432
433 428 429
401 434 401
434 401 430
430 435 434
435 430 431
431 436 435
436 431 432
432 437 436
437 432 433
401 438 401
438 401 434
434 439 438
439 434 435
435 440 439
440 435 436
436 441 440
441 436 437
401 442 401
442 401 438
438 443 442
443 438 439
439 444 443
444 439 440
440 445 444
445 440 441
401 446 401
446 401 442
442 447 446
447 442 443
443 448 447
448 443 444
444 449 448
449 444 445
401 450 401
450 401 446
446 451 450
451 446 447
447 452 451
452 447 448
448 453 452
453 448 449
401 454 401
454 401 450
450 455 454
455 450 451
451 456 455
456 451 452
452 457 456
457 452 453
401 458 401
458 401 454
454 459 458
459 454 455
455 460 459
460 455 456
456 461 460
461 456 457
401 462 401
462 401 458
458 463 462
463 458 459
459 464 463
464 459 460
460 465 464
465 460 461
401 402 401
402 401 462
462 403 402
403 462 463
463 404 403
404 463 464
464 405 404
405 464 465
405 470 409
470 405 466
466 471 470
471 466 467
467 472 471
472 467 468
468 473 472
473 468 469
409 474 413
474 409 470
470 475 474
475 470 471
471 476 475
476 471 472
472 477 476
477 472 473
413 478 417
478 413 474
474 479 478
479 474 475
475 480 479
480 475 476
476 481 480
481 476 477
417 482 421
482 417 478
478 483 482
483 478 479
479 484 483
484 479 480
480 485 484
485 480 481
421 486 425
486 421 482
482 487 486
487 482 483
483 488 487
488 483 484
484 489 488
489 484 485
425 490 429
490 425 486
486 491 490
491 486 487
487 492 491
492 487 488
488 493 492
493 488 489
429 494 433
494 429 490
490 495 494
495 490 491
491 496 495
496 491 492
492 497 496
497 492 493
433 498 437
498 433 494
494 499 498
499 494 495
495 500 499
500 495 496
496 501 500
501 496 497
437 502 441
502 437 498
498 503 502
503 498 499
499 504 503
504 499 500
500 505 504
505 500 501
441 506 445
506 441 502
502 507 506
507 502 503
503 508 507
508 503 504
504 509 508
509 504 505
445 510 449
510 445 506
506 511 510
511 506 507
507 512 511
512 507 508
508 513 512
513 508 509
449 514 453
514 449 510
510 515 514
515 510 511
511 516 515
516 511 512
512 517 516
517 512 513
453 518 457
518 453 514
514 519 518
519 514 515
515 520 519
520 515 516
516 521 520
521 516 517
457 522 461
522 457 518
518 523 522
523 518 519
519 524 523
524 519 520
520 525 524
525 520 521
461 526 465
526 461 522
522 527 526
527 522 523
523 528 527
528 523 524
524 529 528
529 524 525
465 466 405
466 465 526
526 467 466
467 526 527
527 468 467
468 527 528
528 469 468
469 528 529
FACE-NORMAL = 1024
-0.949597 -0.251216 0.1875
-0.949597 -0.251217 0.1875
-0.728058 0.670273 0.143757
-0.728054 0.670277 0.143756
0.468948 0.878359 -0.092595
0.46895 0.878357 -0.0925952
0.813225 0.559358 -0.160573
0.813224 0.55936 -0.160573
-0.80419 -0.25215 0.538237
-0.80419 -0.252149 0.538237
-0.615629 0.671735 0.412035
-0.61563 0.671733 0.412036
0.396029 0.87915 -0.265059
0.396028 0.879151 -0.265058
0.688017 0.560881 -0.460484
0.688018 0.56088 -0.460484
-0.538237 -0.252149 0.80419
-0.538237 -0.252151 0.80419
-0.412036 0.671734 0.615629
-0.412035 0.671735 0.615629
0.265059 0.87915 -0.396029
0.265059 0.87915 -0.396029
0.460484 0.56088 -0.688018
0.460483 0.560881 -0.688017
-0.1875 -0.251217 0.949597
-0.1875 -0.251217 0.949597
-0.143756 0.670277 0.728054
-0.143756 0.670274 0.728057
0.0925953 0.878357 -0.46895
0.092595 0.878358 -0.468949
0.160573 0.55936 -0.813224
0.160573 0.559358 -0.813225
0.173335 -0.298576 0.938513
0.182298 -0.251468 0.950543
0.14594 0.632165 0.760966
0.142553 0.670395 0.728182
-0.0931227 0.874673 -0.475684
-0.0924996 0.878365 -0.468954
-0.16053 0.558456 -0.813854
-0.160573 0.55936 -0.813224
0.518249 -0.378373 0.766976
0.513093 -0.392163 0.763508
0.461231 0.562326 0.686335
0.466367 0.545995 0.695982
-0.274815 0.869642 -0.410121
-0.275871 0.86836 -0.412124
-0.461377 0.558625 -0.689253
-0.46144 0.558336 -0.689445
0.802464 -0.327184 0.499001
0.755781 -0.433833 0.490493
0.661084 0.615546 0.429036
0.724972 0.493078 0.480927
-0.404799 0.874087 -0.268533
-0.417844 0.864503 -0.27936
-0.688936 0.559651 -0.460605
-0.689913 0.557499 -0.461752
0.953285 -0.252193 0.166272
0.925808 -0.33573 0.17368
0.728788 0.670952 0.136719
0.784218 0.601429 0.152593
-0.469008 0.878466 -0.0912595
-0.480092 0.872099 -0.0946284
-0.813261 0.559385 -0.160297
-0.814215 0.55786 -0.160769
0.949597 -0.251216 -0.1875
0.949597 -0.251217 -0.1875
0.728058 0.670273 -0.143757
0.728054 0.670277 -0.143756
-0.468948 0.878359 0.092595
-0.46895 0.878357 0.0925952
-0.813225 0.559358 0.160573
-0.813224 0.55936 0.160573
0.80419 -0.25215 -0.538237
0.80419 -0.252149 -0.538237
0.615629 0.671735 -0.412035
0.61563 0.671733 -0.412036
-0.396029 0.87915 0.265059
-0.396028 0.879151 0.265058
-0.688017 0.560881 0.460484
-0.688018 0.56088 0.460484
0.538237 -0.252149 -0.80419
0.538237 -0.252151 -0.80419
0.412036 0.671734 -0.615629
0.412035 0.671735 -0.615629
-0.265059 0.87915 0.396029
-0.265059 0.87915 0.396029
-0.460484 0.56088 0.688018
-0.460483 0.560881 0.688017
0.1875 -0.251217 -0.949597
0.1875 -0.251217 -0.949597
0.143756 0.670277 -0.728054
0.143756 0.670274 -0.728057
-0.0925953 0.878357 0.46895
-0.092595 0.878358 0.468949
-0.160573 0.55936 0.813224
-0.160573 0.559358 0.813225
-0.1875 -0.251216 -0.949597
-0.1875 -0.251217 -0.949597
-0.143757 0.670273 -0.728058
-0.143756 0.670277 -0.728054
0.092595 0.878359 0.468948
0.0925952 0.878357 0.46895
0.160573 0.559358 0.813225
0.160573 0.55936 0.813224
-0.538237 -0.25215 -0.80419
-0.538237 -0.252149 -0.80419
-0.412035 0.671735 -0.615629
-0.412036 0.671733 -0.61563
0.265059 0.87915 0.396029
0.265058 0.879151 0.396028
0.460484 0.560881 0.688017
0.460484 0.56088 0.688018
-0.80419 -0.252149 -0.538237
-0.80419 -0.252151 -0.538237
-0.615629 0.671734 -0.412036
-0.615629 0.671735 -0.412035
0.396029 0.87915 0.265059
0.396029 0.87915 0.265059
0.688018 0.56088 0.460484
0.688017 0.560881 0.460483
-0.949597 -0.251217 -0.1875
-0.949597 -0.251217 -0.1875
-0.728054 0.670277 -0.143756
-0.728057 0.670274 -0.143756
0.46895 0.878357 0.0925953
0.468949 0.878358 0.092595
0.813224 0.55936 0.160573
0.813225 0.559358 0.160573
0.891687 0.417008 -0.176066
0.891687 0.417008 -0.176066
0.908511 0.377396 -0.179388
0.908511 0.377395 -0.179388
0.939899 0.286615 -0.185585
0.939899 0.286615 -0.185585
0.974035 0.119447 -0.192325
0.974035 0.119447 -0.192325
0.754816 0.418372 -0.505191
0.754815 0.418372 -0.505191
0.769153 0.378678 -0.514787
0.769154 0.378678 -0.514787
0.795917 0.287657 -0.5327
0.795917 0.287658 -0.5327
0.825046 0.119914 -0.552196
0.825046 0.119914 -0.552196
0.505191 0.418373 -0.754815
0.505192 0.418372 -0.754815
0.514788 0.378678 -0.769153
0.514787 0.378678 -0.769153
0.5327 0.287657 -0.795917
0.5327 0.287657 -0.795917
0.552196 0.119914 -0.825046
0.552196 0.119914 -0.825046
0.176066 0.417008 -0.891687
0.176065 0.417008 -0.891687
0.179388 0.377395 -0.908511
0.179387 0.377395 -0.908511
0.185585 0.286615 -0.939899
0.185585 0.286615 -0.939899
0.192325 0.119447 -0.974035
0.192325 0.119447 -0.974035
-0.176066 0.417008 -0.891687
-0.176066 0.417008 -0.891687
-0.179388 0.377396 -0.908511
-0.179388 0.377395 -0.908511
-0.185585 0.286615 -0.939899
-0.185585 0.286615 -0.939899
-0.192325 0.119447 -0.974035
-0.192325 0.119447 -0.974035
-0.505191 0.418372 -0.754816
-0.505191 0.418372 -0.754815
-0.514787 0.378678 -0.769153
-0.514787 0.378678 -0.769154
-0.5327 0.287657 -0.795917
-0.5327 0.287658 -0.795917
-0.552196 0.119914 -0.825046
-0.552196 0.119914 -0.825046
-0.754815 0.418373 -0.505191
-0.754815 0.418372 -0.505192
-0.769153 0.378678 -0.514788
-0.769153 0.378678 -0.514787
-0.795917 0.287657 -0.5327
-0.795917 0.287657 -0.5327
-0.825046 0.119914 -0.552196
-0.825046 0.119914 -0.552196
-0.891687 0.417008 -0.176066
-0.891687 0.417008 -0.176065
-0.908511 0.377395 -0.179388
-0.908511 0.377395 -0.179387
-0.939899 0.286615 -0.185585
-0.939899 0.286615 -0.185585
-0.974035 0.119447 -0.192325
-0.974035 0.119447 -0.192325
-0.891687 0.417008 0.176066
-0.891687 0.417008 0.176066
-0.908511 0.377396 0.179388
-0.908511 0.377395 0.179388
-0.939899 0.286615 0.185585
-0.939899 0.286615 0.185585
-0.974035 0.119447 0.192325
-0.974035 0.119447 0.192325
-0.754816 0.418372 0.505191
-0.754815 0.418372 0.505191
-0.769153 0.378678 0.514787
-0.769154 0.378678 0.514787
-0.795917 0.287657 0.5327
-0.795917 0.287658 0.5327
-0.825046 0.119914 0.552196
-0.825046 0.119914 0.552196
-0.505191 0.418373 0.754815
-0.505192 0.418372 0.754815
-0.514788 0.378678 0.769153
-0.514787 0.378678 0.769153
-0.5327 0.287657 0.795917
-0.5327 0.287657 0.795917
-0.552196 0.119914 0.825046
-0.552196 0.119914 0.825046
-0.176066 0.417008 0.891687
-0.176065 0.417008 0.891687
-0.179388 0.377395 0.908511
-0.179387 0.377395 0.908511
-0.185585 0.286615 0.939899
-0.185585 0.286615 0.939899
-0.192325 0.119447 0.974035
-0.192325 0.119447 0.974035
0.176066 0.417008 0.891687
0.176066 0.417008 0.891687
0.179388 0.377396 0.908511
0.179388 0.377395 0.908511
0.185585 0.286615 0.939899
0.185585 0.286615 0.939899
0.192325 0.119447 0.974035
0.192325 0.119447 0.974035
0.505191 0.418372 0.754816
0.505191 0.418372 0.754815
0.514787 0.378678 0.769153
0.514787 0.378678 0.769154
0.5327 0.287657 0.795917
0.5327 0.287658 0.795917
0.552196 0.119914 0.825046
0.552196 0.119914 0.825046
0.754815 0.418373 0.505191
0.754815 0.418372 0.505192
0.769153 0.378678 0.514788
0.769153 0.378678 0.514787
0.795917 0.287657 0.5327
0.795917 0.287657 0.5327
0.825046 0.119914 0.552196
0.825046 0.119914 0.552196
0.891687 0.417008 0.176066
0.891687 0.417008 0.176065
0.908511 0.377395 0.179388
0.908511 0.377395 0.179387
0.939899 0.286615 0.185585
0.939899 0.286615 0.185585
0.974035 0.119447 0.192325
0.974035 0.119447 0.192325
0.949833 -0.250286 -0.187547
0.949833 -0.250285 -0.187547
0.777525 -0.609824 -0.153524
0.777525 -0.609824 -0.153524
0.649203 -0.749736 -0.128187
0.649203 -0.749736 -0.128186
0.730686 -0.667295 -0.144275
0.730687 -0.667294 -0.144276
0.804392 -0.251216 -0.538372
0.804392 -0.251216 -0.538372
0.657661 -0.611339 -0.440167
0.657661 -0.611339 -0.440167
0.548708 -0.751033 -0.367245
0.548708 -0.751033 -0.367245
0.617863 -0.668758 -0.41353
0.617863 -0.668759 -0.41353
0.538372 -0.251216 -0.804392
0.538372 -0.251216 -0.804392
0.440167 -0.611339 -0.657661
0.440167 -0.611339 -0.657661
0.367245 -0.751033 -0.548708
0.367245 -0.751033 -0.548708
0.41353 -0.668759 -0.617863
0.41353 -0.668758 -0.617863
0.187547 -0.250285 -0.949833
0.187547 -0.250286 -0.949833
0.153524 -0.609824 -0.777525
0.153524 -0.609824 -0.777525
0.128187 -0.749736 -0.649203
0.128187 -0.749736 -0.649203
0.144276 -0.667294 -0.730687
0.144276 -0.667295 -0.730686
-0.187547 -0.250286 -0.949833
-0.187547 -0.250285 -0.949833
-0.153524 -0.609824 -0.777525
-0.153524 -0.609824 -0.777525
-0.128187 -0.749736 -0.649203
-0.128186 -0.749736 -0.649203
-0.144275 -0.667295 -0.730686
-0.144276 -0.667294 -0.730687
-0.538372 -0.251216 -0.804392
-0.538372 -0.251216 -0.804392
-0.440167 -0.611339 -0.657661
-0.440167 -0.611339 -0.657661
-0.367245 -0.751033 -0.548708
-0.367245 -0.751033 -0.548708
-0.41353 -0.668758 -0.617863
-0.41353 -0.668759 -0.617863
-0.804392 -0.251216 -0.538372
-0.804392 -0.251216 -0.538372
-0.657661 -0.611339 -0.440167
-0.657661 -0.611339 -0.440167
-0.548708 -0.751033 -0.367245
-0.548708 -0.751033 -0.367245
-0.617863 -0.668759 -0.41353
-0.617863 -0.668758 -0.41353
-0.949833 -0.250285 -0.187547
-0.949833 -0.250286 -0.187547
-0.777525 -0.609824 -0.153524
-0.777525 -0.609824 -0.153524
-0.649203 -0.749736 -0.128187
-0.649203 -0.749736 -0.128187
-0.730687 -0.667294 -0.144276
-0.730686 -0.667295 -0.144276
-0.949833 -0.250286 0.187547
-0.949833 -0.250285 0.187547
-0.777525 -0.609824 0.153524
-0.777525 -0.609824 0.153524
-0.649203 -0.749736 0.128187
-0.649203 -0.749736 0.128186
-0.730686 -0.667295 0.144275
-0.730687 -0.667294 0.144276
-0.804392 -0.251216 0.538372
-0.804392 -0.251216 0.538372
-0.657661 -0.611339 0.440167
-0.657661 -0.611339 0.440167
-0.548708 -0.751033 0.367245
-0.548708 -0.751033 0.367245
-0.617863 -0.668758 0.41353
-0.617863 -0.668759 0.41353
-0.538372 -0.251216 0.804392
-0.538372 -0.251216 0.804392
-0.440167 -0.611339 0.657661
-0.440167 -0.611339 0.657661
-0.367245 -0.751033 0.548708
-0.367245 -0.751033 0.548708
-0.41353 -0.668759 0.617863
-0.41353 -0.668758 0.617863
-0.187547 -0.250285 0.949833
-0.187547 -0.250286 0.949833
-0.153524 -0.609824 0.777525
-0.153524 -0.609824 0.777525
-0.128187 -0.749736 0.649203
-0.128187 -0.749736 0.649203
-0.144276 -0.667294 0.730687
-0.144276 -0.667295 0.730686
0.187547 -0.250286 0.949833
0.187547 -0.250285 0.949833
0.153524 -0.609824 0.777525
0.153524 -0.609824 0.777525
0.128187 -0.749736 0.649203
0.128186 -0.749736 0.649203
0.144275 -0.667295 0.730686
0.144276 -0.667294 0.730687
0.538372 -0.251216 0.804392
0.538372 -0.251216 0.804392
0.440167 -0.611339 0.657661
0.440167 -0.611339 0.657661
0.367245 -0.751033 0.548708
0.367245 -0.751033 0.548708
0.41353 -0.668758 0.617863
0.41353 -0.668759 0.617863
0.804392 -0.251216 0.538372
0.804392 -0.251216 0.538372
0.657661 -0.611339 0.440167
0.657661 -0.611339 0.440167
0.548708 -0.751033 0.367245
0.548708 -0.751033 0.367245
0.617863 -0.668759 0.41353
0.617863 -0.668758 0.41353
0.949833 -0.250285 0.187547
0.949833 -0.250286 0.187547
0.777525 -0.609824 0.153524
0.777525 -0.609824 0.153524
0.649203 -0.749736 0.128187
0.649203 -0.749736 0.128187
0.730687 -0.667294 0.144276
0.730686 -0.667295 0.144276
0.839269 -0.517847 -0.165716
0.839268 -0.517848 -0.165715
0.255396 -0.965521 -0.0504285
0.255396 -0.965521 -0.0504285
0.0754935 -0.997035 -0.0149064
0.0754935 -0.997035 -0.0149064
0.0154259 -0.999876 -0.00304587
1.0 0.0 0.0
0.710178 -0.519347 -0.475316
0.710178 -0.519347 -0.475316
0.215546 -0.965779 -0.144263
0.215546 -0.965779 -0.144263
0.0636985 -0.997058 -0.0426328
0.0636985 -0.997058 -0.0426329
0.0130155 -0.999877 -0.00871113
1.0 0.0 0.0
0.475316 -0.519347 -0.710178
0.475316 -0.519347 -0.710178
0.144263 -0.965779 -0.215546
0.144263 -0.965779 -0.215546
0.0426329 -0.997058 -0.0636985
0.0426329 -0.997058 -0.0636985
0.00871113 -0.999877 -0.0130155
1.0 0.0 0.0
0.165716 -0.517848 -0.839268
0.165716 -0.517847 -0.839269
0.0504285 -0.965521 -0.255396
0.0504285 -0.965521 -0.255396
0.0149064 -0.997035 -0.0754935
0.0149064 -0.997035 -0.0754935
0.00304587 -0.999876 -0.0154259
1.0 0.0 0.0
-0.165716 -0.517847 -0.839269
-0.165715 -0.517848 -0.839268
-0.0504285 -0.965521 -0.255396
-0.0504285 -0.965521 -0.255396
-0.0149064 -0.997035 -0.0754935
-0.0149064 -0.997035 -0.0754935
-0.00304587 -0.999876 -0.0154259
1.0 0.0 0.0
-0.475316 -0.519347 -0.710178
-0.475316 -0.519347 -0.710178
-0.144263 -0.965779 -0.215546
-0.144263 -0.965779 -0.215546
-0.0426328 -0.997058 -0.0636985
-0.0426329 -0.997058 -0.0636985
-0.00871113 -0.999877 -0.0130155
1.0 0.0 0.0
-0.710178 -0.519347 -0.475316
-0.710178 -0.519347 -0.475316
-0.215546 -0.965779 -0.144263
-0.215546 -0.965779 -0.144263
-0.0636985 -0.997058 -0.0426329
-0.0636985 -0.997058 -0.0426329
-0.0130155 -0.999877 -0.00871113
1.0 0.0 0.0
-0.839268 -0.517848 -0.165716
-0.839269 -0.517847 -0.165716
-0.255396 -0.965521 -0.0504285
-0.255396 -0.965521 -0.0504285
-0.0754935 -0.997035 -0.0149064
-0.0754935 -0.997035 -0.0149064
-0.0154259 -0.999876 -0.00304587
1.0 0.0 0.0
-0.839269 -0.517847 0.165716
-0.839268 -0.517848 0.165715
-0.255396 -0.965521 0.0504285
-0.255396 -0.965521 0.0504285
-0.0754935 -0.997035 0.0149064
-0.0754935 -0.997035 0.0149064
-0.0154259 -0.999876 0.00304587
1.0 0.0 0.0
-0.710178 -0.519347 0.475316
-0.710178 -0.519347 0.475316
-0.215546 -0.965779 0.144263
-0.215546 -0.965779 0.144263
-0.0636985 -0.997058 0.0426328
-0.0636985 -0.997058 0.0426329
-0.0130155 -0.999877 0.00871113
1.0 0.0 0.0
-0.475316 -0.519347 0.710178
-0.475316 -0.519347 0.710178
-0.144263 -0.965779 0.215546
-0.144263 -0.965779 0.215546
-0.0426329 -0.997058 0.0636985
-0.0426329 -0.997058 0.0636985
-0.00871113 -0.999877 0.0130155
1.0 0.0 0.0
-0.165716 -0.517848 0.839268
-0.165716 -0.517847 0.839269
-0.0504285 -0.965521 0.255396
-0.0504285 -0.965521 0.255396
-0.0149064 -0.997035 0.0754935
-0.0149064 -0.997035 0.0754935
-0.00304587 -0.999876 0.0154259
1.0 0.0 0.0
0.165716 -0.517847 0.839269
0.165715 -0.517848 0.839268
0.0504285 -0.965521 0.255396
0.0504285 -0.965521 0.255396
0.0149064 -0.997035 0.0754935
0.0149064 -0.997035 0.0754935
0.00304587 -0.999876 0.0154259
1.0 0.0 0.0
0.475316 -0.519347 0.710178
0.475316 -0.519347 0.710178
0.144263 -0.965779 0.215546
0.144263 -0.965779 0.215546
0.0426328 -0.997058 0.0636985
0.0426329 -0.997058 0.0636985
0.00871113 -0.999877 0.0130155
1.0 0.0 0.0
0.710178 -0.519347 0.475316
0.710178 -0.519347 0.475316
0.215546 -0.965779 0.144263
0.215546 -0.965779 0.144263
0.0636985 -0.997058 0.0426329
0.0636985 -0.997058 0.0426329
0.0130155 -0.999877 0.00871113
1.0 0.0 0.0
0.839268 -0.517848 0.165716
0.839269 -0.517847 0.165716
0.255396 -0.965521 0.0504285
0.255396 -0.965521 0.0504285
0.0754935 -0.997035 0.0149064
0.0754935 -0.997035 0.0149064
0.0154259 -0.999876 0.00304587
1.0 0.0 0.0
0.00801189 -0.979097 -0.203236
0.00737093 -0.979466 -0.201477
0.0761331 -0.975515 -0.206337
0.069761 -0.97888 -0.192167
0.316513 -0.920274 -0.230034
0.292529 -0.93746 -0.188666
0.856842 -0.436453 -0.274464
0.846397 -0.477845 -0.23511
0.00553666 -0.589771 -0.807552
0.00485214 -0.592959 -0.805218
0.0525688 -0.579646 -0.813171
0.0474281 -0.607709 -0.792742
0.198564 -0.490796 -0.848346
0.197573 -0.574452 -0.794336
0.430927 -0.184622 -0.883299
0.465214 -0.236967 -0.852891
-0.00610151 0.589933 -0.807429
-0.00556476 0.592771 -0.805352
-0.058343 0.577934 -0.813995
-0.0546593 0.602696 -0.796097
-0.216244 0.475399 -0.85278
-0.220283 0.544481 -0.80933
-0.439357 0.16593 -0.882855
-0.469082 0.200968 -0.859985
-0.0104904 0.97912 -0.203012
-0.0101296 0.979397 -0.201688
-0.102144 0.972797 -0.207923
-0.0984686 0.975409 -0.197183
-0.416336 0.876497 -0.241696
-0.404641 0.889579 -0.211932
-0.90488 0.326083 -0.27361
-0.905435 0.34195 -0.251511
-0.0101267 0.979117 0.203045
-0.0104932 0.979388 0.201716
-0.0982504 0.973247 0.207694
-0.102362 0.974873 0.197852
-0.40193 0.883615 0.240159
-0.419044 0.882198 0.214775
-0.899723 0.339796 0.27393
-0.910212 0.328005 0.252838
-0.0055366 0.589771 0.807552
-0.00612932 0.592622 0.805458
-0.0525689 0.579646 0.813171
-0.0604343 0.598649 0.798728
-0.198564 0.490797 0.848346
-0.23714 0.521337 0.819739
-0.430929 0.184622 0.883298
-0.47121 0.17796 0.863882
0.00482438 -0.589566 0.807706
0.00556482 -0.592771 0.805352
0.0454014 -0.581741 0.812106
0.054659 -0.602694 0.796098
0.175513 -0.51031 0.84189
0.220283 -0.544482 0.80933
0.417794 -0.212813 0.883266
0.469082 -0.200967 0.859985
0.0073681 -0.97909 0.203294
0.00801478 -0.97945 0.201527
0.0695625 -0.976094 0.205914
0.0763395 -0.978159 0.19333
0.290132 -0.929778 0.226576
0.319034 -0.927603 0.194343
0.83752 -0.472833 0.273842
0.86496 -0.440587 0.240266
0.947145 0.18357 -0.263095
0.948211 0.18165 -0.260574
0.851557 0.45084 -0.267572
0.869149 0.435955 -0.233503
0.707995 0.6624 -0.244888
0.73624 0.649761 -0.189105
0.512609 0.831289 -0.214917
0.528086 0.82956 -0.181537
0.476724 0.0941938 -0.873992
0.480383 0.0931048 -0.872103
0.414685 0.241935 -0.877214
0.469254 0.248438 -0.847396
0.356065 0.371208 -0.857567
0.446503 0.417748 -0.791278
0.283894 0.487887 -0.825451
0.329534 0.534399 -0.778348
-0.476664 -0.0954772 -0.873885
-0.479715 -0.0947848 -0.87229
-0.407521 -0.256442 -0.87645
-0.454807 -0.265343 -0.850143
-0.340076 -0.386934 -0.857106
-0.415188 -0.432846 -0.800165
-0.273336 -0.491777 -0.826706
-0.310044 -0.532828 -0.78738
-0.94589 -0.19041 -0.262748
-0.946518 -0.18959 -0.261072
-0.809143 -0.524248 -0.265427
-0.821749 -0.517104 -0.23944
-0.627659 -0.739214 -0.244145
-0.64651 -0.735591 -0.202316
-0.467731 -0.85665 -0.217665
-0.476579 -0.857447 -0.194053
-0.946059 -0.189499 0.262796
-0.94632 -0.190497 0.26113
-0.815907 -0.513427 0.265874
-0.814699 -0.527847 0.240088
-0.640134 -0.728336 0.244448
-0.633654 -0.746275 0.203855
-0.474205 -0.853175 0.217309
-0.469966 -0.860744 0.195581
-0.476724 -0.0941937 0.873992
-0.479238 -0.0959933 0.87242
-0.414685 -0.241936 0.877214
-0.443057 -0.278803 0.852038
-0.356066 -0.371209 0.857567
-0.390424 -0.44422 0.806373
-0.283894 -0.487888 0.825451
-0.295412 -0.531496 0.793879
0.476802 0.0924109 0.874139
0.479716 0.0947851 0.872289
0.423295 0.224106 0.877837
0.454806 0.265343 0.850144
0.375641 0.35145 0.857541
0.415187 0.432845 0.800165
0.297656 0.482703 0.82365
0.310044 0.532828 0.78738
0.947512 0.181516 0.263197
0.947782 0.183693 0.260704
0.861208 0.431972 0.267808
0.859023 0.454793 0.235038
0.726995 0.641601 0.244595
0.716585 0.670436 0.19241
0.52456 0.824021 0.214072
0.515853 0.836549 0.184611
-0.233033 0.918666 -0.318981
-0.214238 0.932922 -0.289412
-0.753738 0.605668 -0.25504
-0.757908 0.594701 -0.268152
-0.897517 0.367169 -0.244235
-0.891366 0.316641 -0.324353
-0.730286 0.610872 -0.305808
-0.715995 0.509419 -0.47733
-0.0713069 0.398927 -0.914206
-0.0627173 0.449479 -0.891087
-0.234944 0.384388 -0.892775
-0.246671 0.405467 -0.880198
-0.338828 0.328788 -0.881529
-0.312189 0.308572 -0.898511
-0.279183 0.380029 -0.881836
-0.212754 0.280032 -0.936119
0.214888 -0.390601 -0.895128
0.214685 -0.392893 -0.894173
0.587804 -0.19235 -0.785804
0.549464 -0.113921 -0.827714
0.586114 -0.0688361 -0.807299
0.442792 0.0677832 -0.894059
0.334153 -0.257213 -0.906743
0.221122 -0.0671167 -0.972934
0.393393 -0.868505 -0.301564
0.38962 -0.873577 -0.291651
0.862805 -0.453426 -0.223545
0.865533 -0.432497 -0.252586
0.923684 -0.302632 -0.234992
0.912196 -0.251308 -0.32364
0.655989 -0.696203 -0.291511
0.65011 -0.624112 -0.433407
0.3888 -0.870349 0.302204
0.394674 -0.871334 0.291563
0.870283 -0.440371 0.22064
0.85603 -0.449866 0.254624
0.934031 -0.272928 0.230427
0.898942 -0.294525 0.324281
0.681543 -0.668946 0.296667
0.623685 -0.661918 0.41579
0.213974 -0.390681 0.895312
0.215646 -0.392495 0.894117
0.617206 -0.171555 0.767871
0.52119 -0.146793 0.840721
0.622881 -0.0202871 0.782053
0.424222 -0.000170167 0.905558
0.356858 -0.200357 0.91242
0.219604 -0.134614 0.966257
-0.0471229 0.3995 0.915521
-0.0882218 0.440848 0.893236
-0.220672 0.390404 0.893806
-0.258805 0.395866 0.881084
-0.350864 0.318104 0.880741
-0.30649 0.321377 0.89598
-0.297459 0.341255 0.891663
-0.209814 0.322049 0.923181
-0.212005 0.9232 0.320555
-0.237365 0.927041 0.290262
-0.761041 0.59716 0.253411
-0.748831 0.605762 0.268895
-0.915161 0.325094 0.238316
-0.868765 0.374807 0.323677
-0.773862 0.550591 0.313029
-0.674965 0.58476 0.449976
-0.4436 0.846027 -0.295733
-0.474429 0.808292 -0.348684
-0.241657 0.955512 -0.16911
-0.251579 0.950398 -0.182896
0.54499 0.68972 0.476731
0.574241 0.638059 0.512959
0.581805 -0.657049 0.479363
0.635514 -0.611976 0.470752
-0.185176 0.54941 -0.814775
-0.179865 0.488786 -0.853661
-0.111187 0.87645 -0.468479
-0.1104 0.892252 -0.437834
0.07526 0.815543 0.573781
0.0759232 0.800874 0.594
0.176499 -0.108914 0.978257
0.199942 -0.0673105 0.977493
0.213 -0.276198 -0.937201
0.195957 -0.14113 -0.970404
0.144704 0.59721 -0.788924
0.0904547 0.757483 -0.646558
-0.1074 0.901384 0.41949
-0.105943 0.903161 0.416024
-0.166683 0.517878 0.839058
-0.17183 0.514566 0.840057
0.41823 -0.86449 -0.27882
0.440605 -0.837786 -0.322463
0.715663 -0.445313 -0.538073
0.761292 -0.137371 -0.63369
-0.213786 0.96517 0.150806
-0.209752 0.966142 0.150246
-0.354602 0.89307 0.276917
-0.363471 0.891852 0.269238
0.442767 -0.846656 0.295179
0.415069 -0.857957 0.3027
0.781675 -0.195511 0.592249
0.696958 -0.433674 0.571118
-0.210503 0.966322 -0.148022
-0.213691 0.964739 -0.153672
-0.361203 0.888594 -0.282725
-0.355973 0.896523 -0.263684
0.217766 -0.185721 0.958168
0.194273 -0.235862 0.95217
0.117529 0.736048 0.666649
0.11975 0.613375 0.78066
-0.10671 0.903411 -0.415285
-0.10674 0.900741 -0.421037
-0.167403 0.507432 -0.845275
-0.170454 0.525835 -0.833333
-0.191124 0.506242 0.840946
-0.175511 0.533917 0.827121
-0.106693 0.889374 0.444557
-0.114785 0.877919 0.464847
0.0793756 0.800778 -0.593678
0.0711716 0.818143 -0.570593
0.174803 -0.0336072 -0.98403
0.198076 -0.151739 -0.96837
-0.479624 0.817143 0.319749
-0.437608 0.840242 0.320143
-0.251858 0.951451 0.176943
-0.239957 0.955241 0.17302
0.578129 0.642379 -0.503106
0.535044 0.694499 -0.48104
0.618432 -0.595528 -0.512727
0.591211 -0.677262 -0.437934
1.0 0.0 0.0
0.142954 0.989332 -0.0280252
0.973332 -0.127334 -0.190815
0.973327 -0.127232 -0.190908
0.747044 -0.648425 -0.146526
0.747098 -0.648277 -0.146908
0.980962 0.0224774 -0.192895
0.9808 0.0229428 -0.193661
1.0 0.0 0.0
0.120586 0.989432 -0.0805158
0.824803 -0.128068 -0.550726
0.82477 -0.127991 -0.550793
0.631718 -0.650354 -0.421868
0.631634 -0.650239 -0.42217
0.831193 0.0219365 -0.555551
0.830836 0.0222941 -0.556071
1.0 0.0 0.0
0.0805158 0.989432 -0.120586
0.550732 -0.127992 -0.824811
0.550788 -0.12807 -0.824761
0.421911 -0.650267 -0.631778
0.422102 -0.650383 -0.631532
0.555547 0.0222973 -0.831186
0.556076 0.0219392 -0.830842
1.0 0.0 0.0
0.0280252 0.989332 -0.142954
0.190817 -0.127235 -0.973345
0.190905 -0.127336 -0.973314
0.146543 -0.648312 -0.747139
0.146877 -0.648464 -0.746941
0.192893 0.0229463 -0.980952
0.193663 0.0224805 -0.98081
1.0 0.0 0.0
-0.0280252 0.989332 -0.142954
-0.190815 -0.127334 -0.973332
-0.190908 -0.127232 -0.973327
-0.146526 -0.648425 -0.747044
-0.146908 -0.648277 -0.747098
-0.192895 0.0224774 -0.980962
-0.193661 0.0229428 -0.9808
1.0 0.0 0.0
-0.0805158 0.989432 -0.120586
-0.550726 -0.128068 -0.824803
-0.550793 -0.127991 -0.82477
-0.421868 -0.650354 -0.631718
-0.42217 -0.650239 -0.631634
-0.555551 0.0219365 -0.831193
-0.556071 0.0222941 -0.830836
1.0 0.0 0.0
-0.120586 0.989432 -0.0805158
-0.824811 -0.127992 -0.550732
-0.824761 -0.12807 -0.550788
-0.631778 -0.650267 -0.421911
-0.631532 -0.650383 -0.422102
-0.831186 0.0222973 -0.555547
-0.830842 0.0219392 -0.556076
1.0 0.0 0.0
-0.142954 0.989332 -0.0280252
-0.973345 -0.127235 -0.190817
-0.973314 -0.127336 -0.190905
-0.747139 -0.648312 -0.146543
-0.746941 -0.648464 -0.146877
-0.980952 0.0229463 -0.192893
-0.98081 0.0224805 -0.193663
1.0 0.0 0.0
-0.142954 0.989332 0.0280252
-0.973332 -0.127334 0.190815
-0.973327 -0.127232 0.190908
-0.747044 -0.648425 0.146526
-0.747098 -0.648277 0.146908
-0.980962 0.0224774 0.192895
-0.9808 0.0229428 0.193661
1.0 0.0 0.0
-0.120586 0.989432 0.0805158
-0.824803 -0.128068 0.550726
-0.82477 -0.127991 0.550793
-0.631718 -0.650354 0.421868
-0.631634 -0.650239 0.42217
-0.831193 0.0219365 0.555551
-0.830836 0.0222941 0.556071
1.0 0.0 0.0
-0.0805158 0.989432 0.120586
-0.550732 -0.127992 0.824811
-0.550788 -0.12807 0.824761
-0.421911 -0.650267 0.631778
-0.422102 -0.650383 0.631532
-0.555547 0.0222973 0.831186
-0.556076 0.0219392 0.830842
1.0 0.0 0.0
-0.0280252 0.989332 0.142954
-0.190817 -0.127235 0.973345
-0.190905 -0.127336 0.973314
-0.146543 -0.648312 0.747139
-0.146877 -0.648464 0.746941
-0.192893 0.0229463 0.980952
-0.193663 0.0224805 0.98081
1.0 0.0 0.0
0.0280252 0.989332 0.142954
0.190815 -0.127334 0.973332
0.190908 -0.127232 0.973327
0.146526 -0.648425 0.747044
0.146908 -0.648277 0.747098
0.192895 0.0224774 0.980962
0.193661 0.0229428 0.9808
1.0 0.0 0.0
0.0805158 0.989432 0.120586
0.550726 -0.128068 0.824803
0.550793 -0.127991 0.82477
0.421868 -0.650354 0.631718
0.42217 -0.650239 0.631634
0.555551 0.0219365 0.831193
0.556071 0.0222941 0.830836
1.0 0.0 0.0
0.120586 0.989432 0.0805158
0.824811 -0.127992 0.550732
0.824761 -0.12807 0.550788
0.631778 -0.650267 0.421911
0.631532 -0.650383 0.422102
0.831186 0.0222973 0.555547
0.830842 0.0219392 0.556076
1.0 0.0 0.0
0.142954 0.989332 0.0280252
0.973345 -0.127235 0.190817
0.973314 -0.127336 0.190905
0.747139 -0.648312 0.146543
0.746941 -0.648464 0.146877
0.980952 0.0229463 0.192893
0.98081 0.0224805 0.193663
0.32761 0.942596 -0.0646873
0.32761 0.942596 -0.0646873
0.162959 0.986108 -0.0321766
0.162959 0.986108 -0.0321766
0.180811 0.98287 -0.0357015
0.180811 0.98287 -0.0357015
0.523848 0.845509 -0.103435
0.523848 0.845508 -0.103435
0.276542 0.94301 -0.185085
0.276539 0.943011 -0.185086
0.13751 0.986215 -0.0920352
0.13751 0.986215 -0.0920353
0.152577 0.983001 -0.10212
0.152578 0.983001 -0.10212
0.442488 0.846461 -0.296154
0.44249 0.84646 -0.296155
0.185084 0.943011 -0.27654
0.185087 0.94301 -0.27654
0.0920352 0.986215 -0.13751
0.0920353 0.986215 -0.13751
0.10212 0.983001 -0.152578
0.10212 0.983001 -0.152577
0.296155 0.84646 -0.44249
0.296154 0.846461 -0.442489
0.0646873 0.942596 -0.32761
0.0646873 0.942596 -0.32761
0.0321766 0.986108 -0.162959
0.0321766 0.986108 -0.162959
0.0357015 0.98287 -0.180811
0.0357015 0.98287 -0.180811
0.103435 0.845508 -0.523848
0.103435 0.845509 -0.523848
-0.0646873 0.942596 -0.32761
-0.0646873 0.942596 -0.32761
-0.0321766 0.986108 -0.162959
-0.0321766 0.986108 -0.162959
-0.0357015 0.98287 -0.180811
-0.0357015 0.98287 -0.180811
-0.103435 0.845509 -0.523848
-0.103435 0.845508 -0.523848
-0.185085 0.94301 -0.276542
-0.185086 0.943011 -0.276539
-0.0920352 0.986215 -0.13751
-0.0920353 0.986215 -0.13751
-0.10212 0.983001 -0.152577
-0.10212 0.983001 -0.152578
-0.296154 0.846461 -0.442488
-0.296155 0.84646 -0.44249
-0.27654 0.943011 -0.185084
-0.27654 0.94301 -0.185087
-0.13751 0.986215 -0.0920352
-0.13751 0.986215 -0.0920353
-0.152578 0.983001 -0.10212
-0.152577 0.983001 -0.10212
-0.44249 0.84646 -0.296155
-0.442489 0.846461 -0.296154
-0.32761 0.942596 -0.0646873
-0.32761 0.942596 -0.0646873
-0.162959 0.986108 -0.0321766
-0.162959 0.986108 -0.0321766
-0.180811 0.98287 -0.0357015
-0.180811 0.98287 -0.0357015
-0.523848 0.845508 -0.103435
-0.523848 0.845509 -0.103435
-0.32761 0.942596 0.0646873
-0.32761 0.942596 0.0646873
-0.162959 0.986108 0.0321766
-0.162959 0.986108 0.0321766
-0.180811 0.98287 0.0357015
-0.180811 0.98287 0.0357015
-0.523848 0.845509 0.103435
-0.523848 0.845508 0.103435
-0.276542 0.94301 0.185085
-0.276539 0.943011 0.185086
-0.13751 0.986215 0.0920352
-0.13751 0.986215 0.0920353
-0.152577 0.983001 0.10212
-0.152578 0.983001 0.10212
-0.442488 0.846461 0.296154
-0.44249 0.84646 0.296155
-0.185084 0.943011 0.27654
-0.185087 0.94301 0.27654
-0.0920352 0.986215 0.13751
-0.0920353 0.986215 0.13751
-0.10212 0.983001 0.152578
-0.10212 0.983001 0.152577
-0.296155 0.84646 0.44249
-0.296154 0.846461 0.442489
-0.0646873 0.942596 0.32761
-0.0646873 0.942596 0.32761
-0.0321766 0.986108 0.162959
-0.0321766 0.986108 0.162959
-0.0357015 0.98287 0.180811
-0.0357015 0.98287 0.180811
-0.103435 0.845508 0.523848
-0.103435 0.845509 0.523848
0.0646873 0.942596 0.32761
0.0646873 0.942596 0.32761
0.0321766 0.986108 0.162959
0.0321766 0.986108 0.162959
0.0357015 0.98287 0.180811
0.0357015 0.98287 0.180811
0.103435 0.845509 0.523848
0.103435 0.845508 0.523848
0.185085 0.94301 0.276542
0.185086 0.943011 0.276539
0.0920352 0.986215 0.13751
0.0920353 0.986215 0.13751
0.10212 0.983001 0.152577
0.10212 0.983001 0.152578
0.296154 0.846461 0.442488
0.296155 0.84646 0.44249
0.27654 0.943011 0.185084
0.27654 0.94301 0.185087
0.13751 0.986215 0.0920352
0.13751 0.986215 0.0920353
0.152578 0.983001 0.10212
0.152577 0.983001 0.10212
0.44249 0.84646 0.296155
0.442489 0.846461 0.296154
0.32761 0.942596 0.0646873
0.32761 0.942596 0.0646873
0.162959 0.986108 0.0321766
0.162959 0.986108 0.0321766
0.180811 0.98287 0.0357015
0.180811 0.98287 0.0357015
0.523848 0.845508 0.103435
0.523848 0.845509 0.103435
TEXTURE-VERTEX = 800
2.0 -1.0
2.0 -0.975
2.0 -0.95
2.0 -0.925
2.0 -0.9
1.75 -1.0
1.75 -0.975
1.75 -0.95
1.75 -0.925
1.75 -0.9
1.5 -1.0
1.5 -0.975
1.5 -0.95
1.5 -0.925
1.5 -0.9
1.25 -1.0
1.25 -0.975
1.25 -0.95
1.25 -0.925
1.25 -0.9
1.0 -1.0
1.0 -0.975
1.0 -0.95
1.0 -0.925
1.0 -0.9
1.0 -1.0
1.0 -0.975
1.0 -0.95
1.0 -0.925
1.0 -0.9
0.75 -1.0
0.75 -0.975
0.75 -0.95
0.75 -0.925
0.75 -0.9
0.5 -1.0
0.5 -0.975
0.5 -0.95
0.5 -0.925
0.5 -0.9
0.25 -1.0
0.25 -0.975
0.25 -0.95
0.25 -0.925
0.25 -0.9
0.0 -1.0
0.0 -0.975
0.0 -0.95
0.0 -0.925
0.0 -0.9
2.0 -1.0
2.0 -0.975
2.0 -0.95
2.0 -0.925
2.0 -0.9
1.75 -1.0
1.75 -0.975
1.75 -0.95
1.75 -0.925
1.75 -0.9
1.5 -1.0
1.5 -0.975
1.5 -0.95
1.5 -0.925
1.5 -0.9
1.25 -1.0
1.25 -0.975
1.25 -0.95
1.25 -0.925
1.25 -0.9
1.0 -1.0
1.0 -0.975
1.0 -0.95
1.0 -0.925
1.0 -0.9
1.0 -1.0
1.0 -0.975
1.0 -0.95
1.0 -0.925
1.0 -0.9
0.75 -1.0
0.75 -0.975
0.75 -0.95
0.75 -0.925
0.75 -0.9
0.5 -1.0
0.5 -0.975
0.5 -0.95
0.5 -0.925
0.5 -0.9
0.25 -1.0
0.25 -0.975
0.25 -0.95
0.25 -0.925
0.25 -0.9
0.0 -1.0
0.0 -0.975
0.0 -0.95
0.0 -0.925
0.0 -0.9
2.0 -0.9
2.0 -0.675
2.0 -0.45
2.0 -0.225
2.0 1.19209e-007
1.75 -0.9
1.75 -0.675
1.75 -0.45
1.75 -0.225
1.75 1.19209e-007
1.5 -0.9
1.5 -0.675
1.5 -0.45
1.5 -0.225
1.5 1.19209e-007
1.25 -0.9
1.25 -0.675
1.25 -0.45
1.25 -0.225
1.25 1.19209e-007
1.0 -0.9
1.0 -0.675
1.0 -0.45
1.0 -0.225
1.0 1.19209e-007
1.0 -0.9
1.0 -0.675
1.0 -0.45
1.0 -0.225
1.0 1.19209e-007
0.75 -0.9
0.75 -0.675
0.75 -0.45
0.75 -0.225
0.75 1.19209e-007
0.5 -0.9
0.5 -0.675
0.5 -0.45
0.5 -0.225
0.5 1.19209e-007
0.25 -0.9
0.25 -0.675
0.25 -0.45
0.25 -0.225
0.25 1.19209e-007
0.0 -0.9
0.0 -0.675
0.0 -0.45
0.0 -0.225
0.0 1.19209e-007
2.0 -0.9
2.0 -0.675
2.0 -0.45
2.0 -0.225
2.0 1.19209e-007
1.75 -0.9
1.75 -0.675
1.75 -0.45
1.75 -0.225
1.75 1.19209e-007
1.5 -0.9
1.5 -0.675
1.5 -0.45
1.5 -0.225
1.5 1.19209e-007
1.25 -0.9
1.25 -0.675
1.25 -0.45
1.25 -0.225
1.25 1.19209e-007
1.0 -0.9
1.0 -0.675
1.0 -0.45
1.0 -0.225
1.0 1.19209e-007
1.0 -0.9
1.0 -0.675
1.0 -0.45
1.0 -0.225
1.0 1.19209e-007
0.75 -0.9
0.75 -0.675
0.75 -0.45
0.75 -0.225
0.75 1.19209e-007
0.5 -0.9
0.5 -0.675
0.5 -0.45
0.5 -0.225
0.5 1.19209e-007
0.25 -0.9
0.25 -0.675
0.25 -0.45
0.25 -0.225
0.25 1.19209e-007
0.0 -0.9
0.0 -0.675
0.0 -0.45
0.0 -0.225
0.0 1.19209e-007
2.0 0.0
2.0 0.15
2.0 0.3
2.0 0.45
2.0 0.6
1.75 0.0
1.75 0.15
1.75 0.3
1.75 0.45
1.75 0.6
1.5 0.0
1.5 0.15
1.5 0.3
1.5 0.45
1.5 0.6
1.25 0.0
1.25 0.15
1.25 0.3
1.25 0.45
1.25 0.6
1.0 0.0
1.0 0.15
1.0 0.3
1.0 0.45
1.0 0.6
1.0 0.0
1.0 0.15
1.0 0.3
1.0 0.45
1.0 0.6
0.75 0.0
0.75 0.15
0.75 0.3
0.75 0.45
0.75 0.6
0.5 0.0
0.5 0.15
0.5 0.3
0.5 0.45
0.5 0.6
0.25 0.0
0.25 0.15
0.25 0.3
0.25 0.45
0.25 0.6
0.0 0.0
0.0 0.15
0.0 0.3
0.0 0.45
0.0 0.6
2.0 0.0
2.0 0.15
2.0 0.3
2.0 0.45
2.0 0.6
1.75 0.0
1.75 0.15
1.75 0.3
1.75 0.45
1.75 0.6
1.5 0.0
1.5 0.15
1.5 0.3
1.5 0.45
1.5 0.6
1.25 0.0
1.25 0.15
1.25 0.3
1.25 0.45
1.25 0.6
1.0 0.0
1.0 0.15
1.0 0.3
1.0 0.45
1.0 0.6
1.0 0.0
1.0 0.15
1.0 0.3
1.0 0.45
1.0 0.6
0.75 0.0
0.75 0.15
0.75 0.3
0.75 0.45
0.75 0.6
0.5 0.0
0.5 0.15
0.5 0.3
0.5 0.45
0.5 0.6
0.25 0.0
0.25 0.15
0.25 0.3
0.25 0.45
0.25 0.6
0.0 0.0
0.0 0.15
0.0 0.3
0.0 0.45
0.0 0.6
2.0 0.6
2.0 0.7
2.0 0.8
2.0 0.9
2.0 1.0
1.75 0.6
1.75 0.7
1.75 0.8
1.75 0.9
1.75 1.0
1.5 0.6
1.5 0.7
1.5 0.8
1.5 0.9
1.5 1.0
1.25 0.6
1.25 0.7
1.25 0.8
1.25 0.9
1.25 1.0
1.0 0.6
1.0 0.7
1.0 0.8
1.0 0.9
1.0 1.0
1.0 0.6
1.0 0.7
1.0 0.8
1.0 0.9
1.0 1.0
0.75 0.6
0.75 0.7
0.75 0.8
0.75 0.9
0.75 1.0
0.5 0.6
0.5 0.7
0.5 0.8
0.5 0.9
0.5 1.0
0.25 0.6
0.25 0.7
0.25 0.8
0.25 0.9
0.25 1.0
0.0 0.6
0.0 0.7
0.0 0.8
0.0 0.9
0.0 1.0
2.0 0.6
2.0 0.7
2.0 0.8
2.0 0.9
2.0 1.0
1.75 0.6
1.75 0.7
1.75 0.8
1.75 0.9
1.75 1.0
1.5 0.6
1.5 0.7
1.5 0.8
1.5 0.9
1.5 1.0
1.25 0.6
1.25 0.7
1.25 0.8
1.25 0.9
1.25 1.0
1.0 0.6
1.0 0.7
1.0 0.8
1.0 0.9
1.0 1.0
1.0 0.6
1.0 0.7
1.0 0.8
1.0 0.9
1.0 1.0
0.75 0.6
0.75 0.7
0.75 0.8
0.75 0.9
0.75 1.0
0.5 0.6
0.5 0.7
0.5 0.8
0.5 0.9
0.5 1.0
0.25 0.6
0.25 0.7
0.25 0.8
0.25 0.9
0.25 1.0
0.0 0.6
0.0 0.7
0.0 0.8
0.0 0.9
0.0 1.0
1.0 0.0
1.0 0.125
1.0 0.25
1.0 0.375
1.0 0.5
0.875 0.0
0.875 0.125
0.875 0.25
0.875 0.375
0.875 0.5
0.75 0.0
0.75 0.125
0.75 0.25
0.75 0.375
0.75 0.5
0.625 0.0
0.625 0.125
0.625 0.25
0.625 0.375
0.625 0.5
0.5 0.0
0.5 0.125
0.5 0.25
0.5 0.375
0.5 0.5
0.5 0.0
0.5 0.125
0.5 0.25
0.5 0.375
0.5 0.5
0.375 0.0
0.375 0.125
0.375 0.25
0.375 0.375
0.375 0.5
0.25 0.0
0.25 0.125
0.25 0.25
0.25 0.375
0.25 0.5
0.125 0.0
0.125 0.125
0.125 0.25
0.125 0.375
0.125 0.5
0.0 0.0
0.0 0.125
0.0 0.25
0.0 0.375
0.0 0.5
1.0 0.5
1.0 0.625
1.0 0.75
1.0 0.875
1.0 1.0
0.875 0.5
0.875 0.625
0.875 0.75
0.875 0.875
0.875 1.0
0.75 0.5
0.75 0.625
0.75 0.75
0.75 0.875
0.75 1.0
0.625 0.5
0.625 0.625
0.625 0.75
0.625 0.875
0.625 1.0
0.5 0.5
0.5 0.625
0.5 0.75
0.5 0.875
0.5 1.0
0.5 0.5
0.5 0.625
0.5 0.75
0.5 0.875
0.5 1.0
0.375 0.5
0.375 0.625
0.375 0.75
0.375 0.875
0.375 1.0
0.25 0.5
0.25 0.625
0.25 0.75
0.25 0.875
0.25 1.0
0.125 0.5
0.125 0.625
0.125 0.75
0.125 0.875
0.125 1.0
0.0 0.5
0.0 0.625
0.0 0.75
0.0 0.875
0.0 1.0
0.5 1.0
0.5 0.775
0.5 0.55
0.5 0.325
0.5 0.1
0.625 1.0
0.625 0.775
0.625 0.55
0.625 0.325
0.625 0.1
0.75 1.0
0.75 0.775
0.75 0.55
0.75 0.325
0.75 0.1
0.875 1.0
0.875 0.775
0.875 0.55
0.875 0.325
0.875 0.1
1.0 1.0
1.0 0.775
1.0 0.55
1.0 0.325
1.0 0.1
0.0 1.0
0.0 0.775
0.0 0.55
0.0 0.325
0.0 0.1
0.125 1.0
0.125 0.775
0.125 0.55
0.125 0.325
0.125 0.1
0.25 1.0
0.25 0.775
0.25 0.55
0.25 0.325
0.25 0.1
0.375 1.0
0.375 0.775
0.375 0.55
0.375 0.325
0.375 0.1
0.5 1.0
0.5 0.775
0.5 0.55
0.5 0.325
0.5 0.1
0.5 0.1
0.5 0.075
0.5 0.0500001
0.5 0.0250001
0.5 1.19209e-007
0.625 0.1
0.625 0.075
0.625 0.0500001
0.625 0.0250001
0.625 1.19209e-007
0.75 0.1
0.75 0.075
0.75 0.0500001
0.75 0.0250001
0.75 1.19209e-007
0.875 0.1
0.875 0.075
0.875 0.0500001
0.875 0.0250001
0.875 1.19209e-007
1.0 0.1
1.0 0.075
1.0 0.0500001
1.0 0.0250001
1.0 1.19209e-007
0.0 0.1
0.0 0.075
0.0 0.0500001
0.0 0.0250001
0.0 1.19209e-007
0.125 0.1
0.125 0.075
0.125 0.0500001
0.125 0.0250001
0.125 1.19209e-007
0.25 0.1
0.25 0.075
0.25 0.0500001
0.25 0.0250001
0.25 1.19209e-007
0.375 0.1
0.375 0.075
0.375 0.0500001
0.375 0.0250001
0.375 1.19209e-007
0.5 0.1
0.5 0.075
0.5 0.0500001
0.5 0.0250001
0.5 1.19209e-007
1.0 0.0
1.0 0.25
1.0 0.5
1.0 0.75
1.0 1.0
0.875 0.0
0.875 0.25
0.875 0.5
0.875 0.75
0.875 1.0
0.75 0.0
0.75 0.25
0.75 0.5
0.75 0.75
0.75 1.0
0.625 0.0
0.625 0.25
0.625 0.5
0.625 0.75
0.625 1.0
0.5 0.0
0.5 0.25
0.5 0.5
0.5 0.75
0.5 1.0
0.5 0.0
0.5 0.25
0.5 0.5
0.5 0.75
0.5 1.0
0.375 0.0
0.375 0.25
0.375 0.5
0.375 0.75
0.375 1.0
0.25 0.0
0.25 0.25
0.25 0.5
0.25 0.75
0.25 1.0
0.125 0.0
0.125 0.25
0.125 0.5
0.125 0.75
0.125 1.0
0.0 0.0
0.0 0.25
0.0 0.5
0.0 0.75
0.0 1.0
1.0 0.0
1.0 0.25
1.0 0.5
1.0 0.75
1.0 1.0
0.875 0.0
0.875 0.25
0.875 0.5
0.875 0.75
0.875 1.0
0.75 0.0
0.75 0.25
0.75 0.5
0.75 0.75
0.75 1.0
0.625 0.0
0.625 0.25
0.625 0.5
0.625 0.75
0.625 1.0
0.5 0.0
0.5 0.25
0.5 0.5
0.5 0.75
0.5 1.0
0.5 0.0
0.5 0.25
0.5 0.5
0.5 0.75
0.5 1.0
0.375 0.0
0.375 0.25
0.375 0.5
0.375 0.75
0.375 1.0
0.25 0.0
0.25 0.25
0.25 0.5
0.25 0.75
0.25 1.0
0.125 0.0
0.125 0.25
0.125 0.5
0.125 0.75
0.125 1.0
0.0 0.0
0.0 0.25
0.0 0.5
0.0 0.75
0.0 1.0
1.0 0.0
1.0 0.25
1.0 0.5
1.0 0.75
1.0 1.0
0.875 0.0
0.875 0.25
0.875 0.5
0.875 0.75
0.875 1.0
0.75 0.0
0.75 0.25
0.75 0.5
0.75 0.75
0.75 1.0
0.625 0.0
0.625 0.25
0.625 0.5
0.625 0.75
0.625 1.0
0.5 0.0
0.5 0.25
0.5 0.5
0.5 0.75
0.5 1.0
0.5 0.0
0.5 0.25
0.5 0.5
0.5 0.75
0.5 1.0
0.375 0.0
0.375 0.25
0.375 0.5
0.375 0.75
0.375 1.0
0.25 0.0
0.25 0.25
0.25 0.5
0.25 0.75
0.25 1.0
0.125 0.0
0.125 0.25
0.125 0.5
0.125 0.75
0.125 1.0
0.0 0.0
0.0 0.25
0.0 0.5
0.0 0.75
0.0 1.0
1.0 0.0
1.0 0.25
1.0 0.5
1.0 0.75
1.0 1.0
0.875 0.0
0.875 0.25
0.875 0.5
0.875 0.75
0.875 1.0
0.75 0.0
0.75 0.25
0.75 0.5
0.75 0.75
0.75 1.0
0.625 0.0
0.625 0.25
0.625 0.5
0.625 0.75
0.625 1.0
0.5 0.0
0.5 0.25
0.5 0.5
0.5 0.75
0.5 1.0
0.5 0.0
0.5 0.25
0.5 0.5
0.5 0.75
0.5 1.0
0.375 0.0
0.375 0.25
0.375 0.5
0.375 0.75
0.375 1.0
0.25 0.0
0.25 0.25
0.25 0.5
0.25 0.75
0.25 1.0
0.125 0.0
0.125 0.25
0.125 0.5
0.125 0.75
0.125 1.0
0.0 0.0
0.0 0.25
0.0 0.5
0.0 0.75
0.0 1.0
TEXTURE-FACE = 1024
0 6 5
6 0 1
1 7 6
7 1 2
2 8 7
8 2 3
3 9 8
9 3 4
5 11 10
11 5 6
6 12 11
12 6 7
7 13 12
13 7 8
8 14 13
14 8 9
10 16 15
16 10 11
11 17 16
17 11 12
12 18 17
18 12 13
13 19 18
19 13 14
15 21 20
21 15 16
16 22 21
22 16 17
17 23 22
23 17 18
18 24 23
24 18 19
25 31 30
31 25 26
26 32 31
32 26 27
27 33 32
33 27 28
28 34 33
34 28 29
30 36 35
36 30 31
31 37 36
37 31 32
32 38 37
38 32 33
33 39 38
39 33 34
35 41 40
41 35 36
36 42 41
42 36 37
37 43 42
43 37 38
38 44 43
44 38 39
40 46 45
46 40 41
41 47 46
47 41 42
42 48 47
48 42 43
43 49 48
49 43 44
50 56 55
56 50 51
51 57 56
57 51 52
52 58 57
58 52 53
53 59 58
59 53 54
55 61 60
61 55 56
56 62 61
62 56 57
57 63 62
63 57 58
58 64 63
64 58 59
60 66 65
66 60 61
61 67 66
67 61 62
62 68 67
68 62 63
63 69 68
69 63 64
65 71 70
71 65 66
66 72 71
72 66 67
67 73 72
73 67 68
68 74 73
74 68 69
75 81 80
81 75 76
76 82 81
82 76 77
77 83 82
83 77 78
78 84 83
84 78 79
80 86 85
86 80 81
81 87 86
87 81 82
82 88 87
88 82 83
83 89 88
89 83 84
85 91 90
91 85 86
86 92 91
92 86 87
87 93 92
93 87 88
88 94 93
94 88 89
90 96 95
96 90 91
91 97 96
97 91 92
92 98 97
98 92 93
93 99 98
99 93 94
100 106 105
106 100 101
101 107 106
107 101 102
102 108 107
108 102 103
103 109 108
109 103 104
105 111 110
111 105 106
106 112 111
112 106 107
107 113 112
113 107 108
108 114 113
114 108 109
110 116 115
116 110 111
111 117 116
117 111 112
112 118 117
118 112 113
113 119 118
119 113 114
115 121 120
121 115 116
116 122 121
122 116 117
117 123 122
123 117 118
118 124 123
124 118 119
125 131 130
131 125 126
126 132 131
132 126 127
127 133 132
133 127 128
128 134 133
134 128 129
130 136 135
136 130 131
131 137 136
137 131 132
132 138 137
138 132 133
133 139 138
139 133 134
135 141 140
141 135 136
136 142 141
142 136 137
137 143 142
143 137 138
138 144 143
144 138 139
140 146 145
146 140 141
141 147 146
147 141 142
142 148 147
148 142 143
143 149 148
149 143 144
150 156 155
156 150 151
151 157 156
157 151 152
152 158 157
158 152 153
153 159 158
159 153 154
155 161 160
161 155 156
156 162 161
162 156 157
157 163 162
163 157 158
158 164 163
164 158 159
160 166 165
166 160 161
161 167 166
167 161 162
162 168 167
168 162 163
163 169 168
169 163 164
165 171 170
171 165 166
166 172 171
172 166 167
167 173 172
173 167 168
168 174 173
174 168 169
175 181 180
181 175 176
176 182 181
182 176 177
177 183 182
183 177 178
178 184 183
184 178 179
180 186 185
186 180 181
181 187 186
187 181 182
182 188 187
188 182 183
183 189 188
189 183 184
185 191 190
191 185 186
186 192 191
192 186 187
187 193 192
193 187 188
188 194 193
194 188 189
190 196 195
196 190 191
191 197 196
197 191 192
192 198 197
198 192 193
193 199 198
199 193 194
200 206 205
206 200 201
201 207 206
207 201 202
202 208 207
208 202 203
203 209 208
209 203 204
205 211 210
211 205 206
206 212 211
212 206 207
207 213 212
213 207 208
208 214 213
214 208 209
210 216 215
216 210 211
211 217 216
217 211 212
212 218 217
218 212 213
213 219 218
219 213 214
215 221 220
221 215 216
216 222 221
222 216 217
217 223 222
223 217 218
218 224 223
224 218 219
225 231 230
231 225 226
226 232 231
232 226 227
227 233 232
233 227 228
228 234 233
234 228 229
230 236 235
236 230 231
231 237 236
237 231 232
232 238 237
238 232 233
233 239 238
239 233 234
235 241 240
241 235 236
236 242 241
242 236 237
237 243 242
243 237 238
238 244 243
244 238 239
240 246 245
246 240 241
241 247 246
247 241 242
242 248 247
248 242 243
243 249 248
249 243 244
250 256 255
256 250 251
251 257 256
257 251 252
252 258 257
258 252 253
253 259 258
259 253 254
255 261 260
261 255 256
256 262 261
262 256 257
257 263 262
263 257 258
258 264 263
264 258 259
260 266 265
266 260 261
261 267 266
267 261 262
262 268 267
268 262 263
263 269 268
269 263 264
265 271 270
271 265 266
266 272 271
272 266 267
267 273 272
273 267 268
268 274 273
274 268 269
275 281 280
281 275 276
276 282 281
282 276 277
277 283 282
283 277 278
278 284 283
284 278 279
280 286 285
286 280 281
281 287 286
287 281 282
282 288 287
288 282 283
283 289 288
289 283 284
285 291 290
291 285 286
286 292 291
292 286 287
287 293 292
293 287 288
288 294 293
294 288 289
290 296 295
296 290 291
291 297 296
297 291 292
292 298 297
298 292 293
293 299 298
299 293 294
300 306 305
306 300 301
301 307 306
307 301 302
302 308 307
308 302 303
303 309 308
309 303 304
305 311 310
311 305 306
306 312 311
312 306 307
307 313 312
313 307 308
308 314 313
314 308 309
310 316 315
316 310 311
311 317 316
317 311 312
312 318 317
318 312 313
313 319 318
319 313 314
315 321 320
321 315 316
316 322 321
322 316 317
317 323 322
323 317 318
318 324 323
324 318 319
325 331 330
331 325 326
326 332 331
332 326 327
327 333 332
333 327 328
328 334 333
334 328 329
330 336 335
336 330 331
331 337 336
337 331 332
332 338 337
338 332 333
333 339 338
339 333 334
335 341 340
341 335 336
336 342 341
342 336 337
337 343 342
343 337 338
338 344 343
344 338 339
340 346 345
346 340 341
341 347 346
347 341 342
342 348 347
348 342 343
343 349 348
349 343 344
350 356 355
356 350 351
351 357 356
357 351 352
352 358 357
358 352 353
353 359 358
359 353 354
355 361 360
361 355 356
356 362 361
362 356 357
357 363 362
363 357 358
358 364 363
364 358 359
360 366 365
366 360 361
361 367 366
367 361 362
362 368 367
368 362 363
363 369 368
369 363 364
365 371 370
371 365 366
366 372 371
372 366 367
367 373 372
373 367 368
368 374 373
374 368 369
375 381 380
381 375 376
376 382 381
382 376 377
377 383 382
383 377 378
378 384 383
384 378 379
380 386 385
386 380 381
381 387 386
387 381 382
382 388 387
388 382 383
383 389 388
389 383 384
385 391 390
391 385 386
386 392 391
392 386 387
387 393 392
393 387 388
388 394 393
394 388 389
390 396 395
396 390 391
391 397 396
397 391 392
392 398 397
398 392 393
393 399 398
399 393 394
400 406 405
406 400 401
401 407 406
407 401 402
402 408 407
408 402 403
403 409 408
409 403 404
405 411 410
411 405 406
406 412 411
412 406 407
407 413 412
413 407 408
408 414 413
414 408 409
410 416 415
416 410 411
411 417 416
417 411 412
412 418 417
418 412 413
413 419 418
419 413 414
415 421 420
421 415 416
416 422 421
422 416 417
417 423 422
423 417 418
418 424 423
424 418 419
425 431 430
431 425 426
426 432 431
432 426 427
427 433 432
433 427 428
428 434 433
434 428 429
430 436 435
436 430 431
431 437 436
437 431 432
432 438 437
438 432 433
433 439 438
439 433 434
435 441 440
441 435 436
436 442 441
442 436 437
437 443 442
443 437 438
438 444 443
444 438 439
440 446 445
446 440 441
441 447 446
447 441 442
442 448 447
448 442 443
443 449 448
449 443 444
450 456 455
456 450 451
451 457 456
457 451 452
452 458 457
458 452 453
453 459 458
459 453 454
455 461 460
461 455 456
456 462 461
462 456 457
457 463 462
463 457 458
458 464 463
464 458 459
460 466 465
466 460 461
461 467 466
467 461 462
462 468 467
468 462 463
463 469 468
469 463 464
465 471 470
471 465 466
466 472 471
472 466 467
467 473 472
473 467 468
468 474 473
474 468 469
475 481 480
481 475 476
476 482 481
482 476 477
477 483 482
483 477 478
478 484 483
484 478 479
480 486 485
486 480 481
481 487 486
487 481 482
482 488 487
488 482 483
483 489 488
489 483 484
485 491 490
491 485 486
486 492 491
492 486 487
487 493 492
493 487 488
488 494 493
494 488 489
490 496 495
496 490 491
491 497 496
497 491 492
492 498 497
498 492 493
493 499 498
499 493 494
500 506 505
506 500 501
501 507 506
507 501 502
502 508 507
508 502 503
503 509 508
509 503 504
505 511 510
511 505 506
506 512 511
512 506 507
507 513 512
513 507 508
508 514 513
514 508 509
510 516 515
516 510 511
511 517 516
517 511 512
512 518 517
518 512 513
513 519 518
519 513 514
515 521 520
521 515 516
516 522 521
522 516 517
517 523 522
523 517 518
518 524 523
524 518 519
525 531 530
531 525 526
526 532 531
532 526 527
527 533 532
533 527 528
528 534 533
534 528 529
530 536 535
536 530 531
531 537 536
537 531 532
532 538 537
538 532 533
533 539 538
539 533 534
535 541 540
541 535 536
536 542 541
542 536 537
537 543 542
543 537 538
538 544 543
544 538 539
540 546 545
546 540 541
541 547 546
547 541 542
542 548 547
548 542 543
543 549 548
549 543 544
550 556 555
556 550 551
551 557 556
557 551 552
552 558 557
558 552 553
553 559 558
559 553 554
555 561 560
561 555 556
556 562 561
562 556 557
557 563 562
563 557 558
558 564 563
564 558 559
560 566 565
566 560 561
561 567 566
567 561 562
562 568 567
568 562 563
563 569 568
569 563 564
565 571 570
571 565 566
566 572 571
572 566 567
567 573 572
573 567 568
568 574 573
574 568 569
575 581 580
581 575 576
576 582 581
582 576 577
577 583 582
583 577 578
578 584 583
584 578 579
580 586 585
586 580 581
581 587 586
587 581 582
582 588 587
588 582 583
583 589 588
589 583 584
585 591 590
591 585 586
586 592 591
592 586 587
587 593 592
593 587 588
588 594 593
594 588 589
590 596 595
596 590 591
591 597 596
597 591 592
592 598 597
598 592 593
593 599 598
599 593 594
600 606 605
606 600 601
601 607 606
607 601 602
602 608 607
608 602 603
603 609 608
609 603 604
605 611 610
611 605 606
606 612 611
612 606 607
607 613 612
613 607 608
608 614 613
614 608 609
610 616 615
616 610 611
611 617 616
617 611 612
612 618 617
618 612 613
613 619 618
619 613 614
615 621 620
621 615 616
616 622 621
622 616 617
617 623 622
623 617 618
618 624 623
624 618 619
625 631 630
631 625 626
626 632 631
632 626 627
627 633 632
633 627 628
628 634 633
634 628 629
630 636 635
636 630 631
631 637 636
637 631 632
632 638 637
638 632 633
633 639 638
639 633 634
635 641 640
641 635 636
636 642 641
642 636 637
637 643 642
643 637 638
638 644 643
644 638 639
640 646 645
646 640 641
641 647 646
647 641 642
642 648 647
648 642 643
643 649 648
649 643 644
650 656 655
656 650 651
651 657 656
657 651 652
652 658 657
658 652 653
653 659 658
659 653 654
655 661 660
661 655 656
656 662 661
662 656 657
657 663 662
663 657 658
658 664 663
664 658 659
660 666 665
666 660 661
661 667 666
667 661 662
662 668 667
668 662 663
663 669 668
669 663 664
665 671 670
671 665 666
666 672 671
672 666 667
667 673 672
673 667 668
668 674 673
674 668 669
675 681 680
681 675 676
676 682 681
682 676 677
677 683 682
683 677 678
678 684 683
684 678 679
680 686 685
686 680 681
681 687 686
687 681 682
682 688 687
688 682 683
683 689 688
689 683 684
685 691 690
691 685 686
686 692 691
692 686 687
687 693 692
693 687 688
688 694 693
694 688 689
690 696 695
696 690 691
691 697 696
697 691 692
692 698 697
698 692 693
693 699 698
699 693 694
700 706 705
706 700 701
701 707 706
707 701 702
702 708 707
708 702 703
703 709 708
709 703 704
705 711 710
711 705 706
706 712 711
712 706 707
707 713 712
713 707 708
708 714 713
714 708 709
710 716 715
716 710 711
711 717 716
717 711 712
712 718 717
718 712 713
713 719 718
719 713 714
715 721 720
721 715 716
716 722 721
722 716 717
717 723 722
723 717 718
718 724 723
724 718 719
725 731 730
731 725 726
726 732 731
732 726 727
727 733 732
733 727 728
728 734 733
734 728 729
730 736 735
736 730 731
731 737 736
737 731 732
732 738 737
738 732 733
733 739 738
739 733 734
735 741 740
741 735 736
736 742 741
742 736 737
737 743 742
743 737 738
738 744 743
744 738 739
740 746 745
746 740 741
741 747 746
747 741 742
742 748 747
748 742 743
743 749 748
749 743 744
750 756 755
756 750 751
751 757 756
757 751 752
752 758 757
758 752 753
753 759 758
759 753 754
755 761 760
761 755 756
756 762 761
762 756 757
757 763 762
763 757 758
758 764 763
764 758 759
760 766 765
766 760 761
761 767 766
767 761 762
762 768 767
768 762 763
763 769 768
769 763 764
765 771 770
771 765 766
766 772 771
772 766 767
767 773 772
773 767 768
768 774 773
774 768 769
775 781 780
781 775 776
776 782 781
782 776 777
777 783 782
783 777 778
778 784 783
784 778 779
780 786 785
786 780 781
781 787 786
787 781 782
782 788 787
788 782 783
783 789 788
789 783 784
785 791 790
791 785 786
786 792 791
792 786 787
787 793 792
793 787 788
788 794 793
794 788 789
790 796 795
796 790 791
791 797 796
797 791 792
792 798 797
798 792 793
793 799 798
799 793 794
TEXTURE_FILE = 2.jpg
