EXPORTER_V1
VERTEX = 146
0.0 0.0 0.0
198.192 0.0 0.0
191.439 0.0 51.2959
171.64 0.0 99.0961
140.143 0.0 140.143
99.0961 0.0 171.64
51.2959 0.0 191.439
1.49631e-005 0.0 198.192
-51.2959 0.0 191.439
-99.0961 0.0 171.64
-140.143 0.0 140.143
-171.64 0.0 99.0962
-191.439 0.0 51.296
-198.192 0.0 7.71789e-005
-191.439 0.0 -51.2959
-171.64 0.0 -99.0961
-140.143 0.0 -140.143
-99.0962 0.0 -171.64
-51.296 0.0 -191.439
-9.2142e-005 0.0 -198.192
51.2958 0.0 -191.439
99.096 0.0 -171.64
140.143 0.0 -140.143
171.639 0.0 -99.0963
191.439 0.0 -51.2961
158.554 79.2769 0.0
153.151 79.2769 41.0367
137.312 79.2769 79.2769
112.114 79.2769 112.114
79.2769 79.2769 137.312
41.0368 79.2769 153.151
1.19705e-005 79.2769 158.554
-41.0367 79.2769 153.151
-79.2769 79.2769 137.312
-112.114 79.2769 112.115
-137.312 79.2769 79.2769
-153.151 79.2769 41.0368
-158.554 79.2769 6.17431e-005
-153.151 79.2769 -41.0367
-137.312 79.2769 -79.2768
-112.115 79.2769 -112.114
-79.277 79.2769 -137.312
-41.0368 79.2769 -153.151
-7.37136e-005 79.2769 -158.554
41.0367 79.2769 -153.151
79.2768 79.2769 -137.312
112.114 79.2769 -112.115
137.312 79.2769 -79.277
153.151 79.2769 -41.0369
118.915 158.554 0.0
114.863 158.554 30.7776
102.984 158.554 59.4577
84.0859 158.554 84.0859
59.4577 158.554 102.984
30.7776 158.554 114.863
8.97786e-006 158.554 118.915
-30.7775 158.554 114.863
-59.4577 158.554 102.984
-84.0858 158.554 84.0859
-102.984 158.554 59.4577
-114.863 158.554 30.7776
-118.915 158.554 4.63074e-005
-114.863 158.554 -30.7775
-102.984 158.554 -59.4576
-84.0859 158.554 -84.0858
-59.4577 158.554 -102.984
-30.7776 158.554 -114.863
-5.52852e-005 158.554 -118.915
30.7775 158.554 -114.863
59.4576 158.554 -102.984
84.0858 158.554 -84.0859
102.984 158.554 -59.4578
114.863 158.554 -30.7776
79.2769 237.831 0.0
76.5756 237.831 20.5184
68.6558 237.831 39.6385
56.0572 237.831 56.0572
39.6385 237.831 68.6558
20.5184 237.831 76.5756
5.98524e-006 237.831 79.2769
-20.5184 237.831 76.5756
-39.6384 237.831 68.6558
-56.0572 237.831 56.0572
-68.6558 237.831 39.6385
-76.5756 237.831 20.5184
-79.2769 237.831 3.08716e-005
-76.5756 237.831 -20.5183
-68.6558 237.831 -39.6384
-56.0573 237.831 -56.0572
-39.6385 237.831 -68.6558
-20.5184 237.831 -76.5756
-3.68568e-005 237.831 -79.2769
20.5183 237.831 -76.5756
39.6384 237.831 -68.6558
56.0572 237.831 -56.0573
68.6558 237.831 -39.6385
76.5756 237.831 -20.5184
39.6385 317.108 0.0
38.2878 317.108 10.2592
34.3279 317.108 19.8192
28.0286 317.108 28.0286
19.8192 317.108 34.3279
10.2592 317.108 38.2878
2.99262e-006 317.108 39.6385
-10.2592 317.108 38.2878
-19.8192 317.108 34.3279
-28.0286 317.108 28.0286
-34.3279 317.108 19.8192
-38.2878 317.108 10.2592
-39.6385 317.108 1.54358e-005
-38.2878 317.108 -10.2592
-34.3279 317.108 -19.8192
-28.0286 317.108 -28.0286
-19.8192 317.108 -34.3279
-10.2592 317.108 -38.2878
-1.84284e-005 317.108 -39.6385
10.2592 317.108 -38.2878
19.8192 317.108 -34.3279
28.0286 317.108 -28.0286
34.3279 317.108 -19.8192
38.2878 317.108 -10.2592
0.0 396.385 0.0
0.0 396.385 0.0
0.0 396.385 0.0
0.0 396.385 0.0
0.0 396.385 0.0
0.0 396.385 0.0
0.0 396.385 0.0
0.0 396.385 0.0
0.0 396.385 0.0
0.0 396.385 0.0
0.0 396.385 0.0
0.0 396.385 0.0
0.0 396.385 0.0
0.0 396.385 0.0
0.0 396.385 0.0
0.0 396.385 0.0
0.0 396.385 0.0
0.0 396.385 0.0
0.0 396.385 0.0
0.0 396.385 0.0
0.0 396.385 0.0
0.0 396.385 0.0
0.0 396.385 0.0
0.0 396.385 0.0
0.0 396.385 0.0
INDEX = 288
0 1 2
0 2 3
0 3 4
0 4 5
0 5 6
0 6 7
0 7 8
0 8 9
0 9 10
0 10 11
0 11 12
0 12 13
0 13 14
0 14 15
0 15 16
0 16 17
0 17 18
0 18 19
0 19 20
0 20 21
0 21 22
0 22 23
0 23 24
0 24 1
1 25 26
1 26 2
2 26 27
2 27 3
3 27 28
3 28 4
4 28 29
4 29 5
5 29 30
5 30 6
6 30 31
6 31 7
7 31 32
7 32 8
8 32 33
8 33 9
9 33 34
9 34 10
10 34 35
10 35 11
11 35 36
11 36 12
12 36 37
12 37 13
13 37 38
13 38 14
14 38 39
14 39 15
15 39 40
15 40 16
16 40 41
16 41 17
17 41 42
17 42 18
18 42 43
18 43 19
19 43 44
19 44 20
20 44 45
20 45 21
21 45 46
21 46 22
22 46 47
22 47 23
23 47 48
23 48 24
24 48 25
24 25 1
25 49 50
25 50 26
26 50 51
26 51 27
27 51 52
27 52 28
28 52 53
28 53 29
29 53 54
29 54 30
30 54 55
30 55 31
31 55 56
31 56 32
32 56 57
32 57 33
33 57 58
33 58 34
34 58 59
34 59 35
35 59 60
35 60 36
36 60 61
36 61 37
37 61 62
37 62 38
38 62 63
38 63 39
39 63 64
39 64 40
40 64 65
40 65 41
41 65 66
41 66 42
42 66 67
42 67 43
43 67 68
43 68 44
44 68 69
44 69 45
45 69 70
45 70 46
46 70 71
46 71 47
47 71 72
47 72 48
48 72 49
48 49 25
49 73 74
49 74 50
50 74 75
50 75 51
51 75 76
51 76 52
52 76 77
52 77 53
53 77 78
53 78 54
54 78 79
54 79 55
55 79 80
55 80 56
56 80 81
56 81 57
57 81 82
57 82 58
58 82 83
58 83 59
59 83 84
59 84 60
60 84 85
60 85 61
61 85 86
61 86 62
62 86 87
62 87 63
63 87 88
63 88 64
64 88 89
64 89 65
65 89 90
65 90 66
66 90 91
66 91 67
67 91 92
67 92 68
68 92 93
68 93 69
69 93 94
69 94 70
70 94 95
70 95 71
71 95 96
71 96 72
72 96 73
72 73 49
73 97 98
73 98 74
74 98 99
74 99 75
75 99 100
75 100 76
76 100 101
76 101 77
77 101 102
77 102 78
78 102 103
78 103 79
79 103 104
79 104 80
80 104 105
80 105 81
81 105 106
81 106 82
82 106 107
82 107 83
83 107 108
83 108 84
84 108 109
84 109 85
85 109 110
85 110 86
86 110 111
86 111 87
87 111 112
87 112 88
88 112 113
88 113 89
89 113 114
89 114 90
90 114 115
90 115 91
91 115 116
91 116 92
92 116 117
92 117 93
93 117 118
93 118 94
94 118 119
94 119 95
95 119 120
95 120 96
96 120 97
96 97 73
97 121 122
97 122 98
98 122 123
98 123 99
99 123 124
99 124 100
100 124 125
100 125 101
101 125 126
101 126 102
102 126 127
102 127 103
103 127 128
103 128 104
104 128 129
104 129 105
105 129 130
105 130 106
106 130 131
106 131 107
107 131 132
107 132 108
108 132 133
108 133 109
109 133 134
109 134 110
110 134 135
110 135 111
111 135 136
111 136 112
112 136 137
112 137 113
113 137 138
113 138 114
114 138 139
114 139 115
115 139 140
115 140 116
116 140 141
116 141 117
117 141 142
117 142 118
118 142 143
118 143 119
119 143 144
119 144 120
120 144 121
120 121 97
145 122 121
145 123 122
145 124 123
145 125 124
145 126 125
145 127 126
145 128 127
145 129 128
145 130 129
145 131 130
145 132 131
145 133 132
145 134 133
145 135 134
145 136 135
145 137 136
145 138 137
145 139 138
145 140 139
145 141 140
145 142 141
145 143 142
145 144 143
145 121 144
FACE-NORMAL = 288
0.0 -1.0 0.0
0.0 -1.0 0.0
0.0 -1.0 0.0
0.0 -1.0 0.0
0.0 -1.0 0.0
0.0 -1.0 0.0
0.0 -1.0 0.0
0.0 -1.0 0.0
0.0 -1.0 0.0
0.0 -1.0 0.0
0.0 -1.0 0.0
0.0 -1.0 0.0
0.0 -1.0 0.0
0.0 -1.0 0.0
0.0 -1.0 0.0
0.0 -1.0 0.0
0.0 -1.0 0.0
0.0 -1.0 0.0
0.0 -1.0 0.0
0.0 -1.0 0.0
0.0 -1.0 0.0
0.0 -1.0 0.0
0.0 -1.0 0.0
0.0 -1.0 0.0
0.88829 0.444145 0.116946
0.88829 0.444145 0.116946
0.827754 0.444145 0.342867
0.827754 0.444145 0.342867
0.710809 0.444145 0.545423
0.710809 0.444145 0.545423
0.545423 0.444145 0.710809
0.545423 0.444145 0.710809
0.342867 0.444145 0.827754
0.342867 0.444145 0.827754
0.116946 0.444145 0.88829
0.116946 0.444145 0.88829
-0.116945 0.444145 0.88829
-0.116945 0.444145 0.88829
-0.342867 0.444145 0.827754
-0.342867 0.444145 0.827754
-0.545423 0.444145 0.710809
-0.545423 0.444145 0.710809
-0.710809 0.444145 0.545423
-0.710809 0.444145 0.545423
-0.827754 0.444145 0.342867
-0.827754 0.444145 0.342867
-0.88829 0.444145 0.116946
-0.88829 0.444145 0.116946
-0.88829 0.444145 -0.116945
-0.88829 0.444145 -0.116945
-0.827755 0.444145 -0.342867
-0.827755 0.444145 -0.342867
-0.710809 0.444145 -0.545422
-0.710809 0.444145 -0.545422
-0.545423 0.444145 -0.710809
-0.545423 0.444145 -0.710808
-0.342867 0.444145 -0.827754
-0.342867 0.444145 -0.827754
-0.116946 0.444145 -0.88829
-0.116946 0.444145 -0.88829
0.116945 0.444145 -0.88829
0.116945 0.444145 -0.88829
0.342867 0.444145 -0.827755
0.342867 0.444145 -0.827755
0.545422 0.444145 -0.710809
0.545423 0.444145 -0.710809
0.710809 0.444145 -0.545423
0.710809 0.444145 -0.545423
0.827754 0.444145 -0.342868
0.827754 0.444145 -0.342868
0.88829 0.444145 -0.116946
0.88829 0.444145 -0.116946
0.88829 0.444145 0.116946
0.88829 0.444145 0.116946
0.827754 0.444145 0.342867
0.827754 0.444145 0.342867
0.710809 0.444145 0.545423
0.710809 0.444145 0.545423
0.545423 0.444145 0.710809
0.545423 0.444145 0.710809
0.342867 0.444145 0.827754
0.342867 0.444145 0.827754
0.116946 0.444145 0.88829
0.116946 0.444145 0.88829
-0.116946 0.444145 0.88829
-0.116945 0.444145 0.88829
-0.342867 0.444145 0.827754
-0.342867 0.444145 0.827754
-0.545423 0.444145 0.710809
-0.545423 0.444145 0.710809
-0.710809 0.444145 0.545423
-0.710809 0.444145 0.545423
-0.827754 0.444145 0.342867
-0.827754 0.444145 0.342867
-0.88829 0.444145 0.116946
-0.88829 0.444145 0.116946
-0.88829 0.444145 -0.116945
-0.88829 0.444145 -0.116945
-0.827755 0.444145 -0.342867
-0.827755 0.444145 -0.342867
-0.710809 0.444145 -0.545422
-0.710809 0.444145 -0.545422
-0.545423 0.444145 -0.710809
-0.545423 0.444145 -0.710809
-0.342867 0.444145 -0.827754
-0.342867 0.444145 -0.827754
-0.116946 0.444145 -0.88829
-0.116946 0.444145 -0.88829
0.116945 0.444145 -0.88829
0.116945 0.444145 -0.88829
0.342867 0.444145 -0.827755
0.342867 0.444145 -0.827755
0.545422 0.444145 -0.710809
0.545422 0.444145 -0.710809
0.710809 0.444145 -0.545423
0.710808 0.444145 -0.545423
0.827754 0.444145 -0.342868
0.827754 0.444145 -0.342868
0.88829 0.444145 -0.116946
0.88829 0.444145 -0.116946
0.88829 0.444145 0.116946
0.88829 0.444145 0.116945
0.827754 0.444145 0.342867
0.827754 0.444145 0.342867
0.710809 0.444145 0.545423
0.710809 0.444145 0.545423
0.545423 0.444145 0.710809
0.545423 0.444145 0.710809
0.342867 0.444145 0.827754
0.342867 0.444145 0.827754
0.116946 0.444145 0.88829
0.116946 0.444145 0.88829
-0.116945 0.444145 0.88829
-0.116946 0.444145 0.88829
-0.342867 0.444145 0.827754
-0.342867 0.444145 0.827754
-0.545423 0.444145 0.710809
-0.545423 0.444145 0.710809
-0.710809 0.444145 0.545423
-0.710809 0.444145 0.545423
-0.827754 0.444145 0.342867
-0.827754 0.444145 0.342867
-0.88829 0.444145 0.116946
-0.88829 0.444145 0.116946
-0.88829 0.444145 -0.116945
-0.88829 0.444145 -0.116945
-0.827755 0.444145 -0.342867
-0.827755 0.444145 -0.342867
-0.710809 0.444145 -0.545422
-0.710809 0.444145 -0.545422
-0.545423 0.444145 -0.710809
-0.545423 0.444145 -0.710809
-0.342867 0.444145 -0.827754
-0.342867 0.444145 -0.827754
-0.116946 0.444145 -0.88829
-0.116946 0.444145 -0.88829
0.116945 0.444145 -0.88829
0.116945 0.444145 -0.88829
0.342867 0.444145 -0.827755
0.342867 0.444145 -0.827755
0.545422 0.444145 -0.710809
0.545422 0.444145 -0.710809
0.710808 0.444145 -0.545423
0.710809 0.444145 -0.545423
0.827754 0.444145 -0.342868
0.827754 0.444145 -0.342868
0.88829 0.444145 -0.116946
0.88829 0.444145 -0.116946
0.88829 0.444145 0.116946
0.88829 0.444145 0.116946
0.827754 0.444145 0.342867
0.827754 0.444145 0.342867
0.710809 0.444145 0.545423
0.710809 0.444145 0.545423
0.545423 0.444145 0.710809
0.545423 0.444145 0.710809
0.342867 0.444145 0.827754
0.342867 0.444145 0.827754
0.116946 0.444145 0.88829
0.116946 0.444145 0.88829
-0.116945 0.444145 0.88829
-0.116945 0.444145 0.88829
-0.342867 0.444145 0.827754
-0.342867 0.444145 0.827754
-0.545423 0.444145 0.710809
-0.545423 0.444145 0.710809
-0.710809 0.444145 0.545423
-0.710809 0.444145 0.545423
-0.827754 0.444145 0.342867
-0.827754 0.444145 0.342867
-0.88829 0.444145 0.116946
-0.88829 0.444145 0.116946
-0.88829 0.444145 -0.116945
-0.88829 0.444145 -0.116945
-0.827755 0.444145 -0.342867
-0.827755 0.444145 -0.342867
-0.710809 0.444145 -0.545423
-0.710809 0.444145 -0.545423
-0.545423 0.444145 -0.710809
-0.545423 0.444145 -0.710809
-0.342867 0.444145 -0.827754
-0.342867 0.444145 -0.827754
-0.116946 0.444145 -0.88829
-0.116946 0.444145 -0.88829
0.116945 0.444145 -0.88829
0.116945 0.444145 -0.88829
0.342867 0.444145 -0.827755
0.342867 0.444145 -0.827755
0.545422 0.444145 -0.710809
0.545422 0.444145 -0.710809
0.710809 0.444145 -0.545423
0.710809 0.444145 -0.545423
0.827754 0.444145 -0.342868
0.827754 0.444145 -0.342868
0.88829 0.444145 -0.116946
0.88829 0.444145 -0.116946
1.0 0.0 0.0
0.88829 0.444145 0.116946
1.0 0.0 0.0
0.827754 0.444145 0.342867
1.0 0.0 0.0
0.710809 0.444145 0.545423
1.0 0.0 0.0
0.545423 0.444145 0.710809
1.0 0.0 0.0
0.342867 0.444145 0.827754
1.0 0.0 0.0
0.116946 0.444145 0.88829
1.0 0.0 0.0
-0.116945 0.444145 0.88829
1.0 0.0 0.0
-0.342867 0.444145 0.827754
1.0 0.0 0.0
-0.545423 0.444145 0.710809
1.0 0.0 0.0
-0.710809 0.444145 0.545423
1.0 0.0 0.0
-0.827754 0.444145 0.342867
1.0 0.0 0.0
-0.88829 0.444145 0.116946
1.0 0.0 0.0
-0.88829 0.444145 -0.116945
1.0 0.0 0.0
-0.827755 0.444145 -0.342867
1.0 0.0 0.0
-0.710809 0.444145 -0.545423
1.0 0.0 0.0
-0.545423 0.444145 -0.710809
1.0 0.0 0.0
-0.342867 0.444145 -0.827754
1.0 0.0 0.0
-0.116946 0.444145 -0.88829
1.0 0.0 0.0
0.116945 0.444145 -0.88829
1.0 0.0 0.0
0.342867 0.444145 -0.827755
1.0 0.0 0.0
0.545422 0.444145 -0.710809
1.0 0.0 0.0
0.710809 0.444145 -0.545423
1.0 0.0 0.0
0.827754 0.444145 -0.342868
1.0 0.0 0.0
0.88829 0.444145 -0.116946
1.0 0.0 0.0
1.0 0.0 0.0
1.0 0.0 0.0
1.0 0.0 0.0
1.0 0.0 0.0
1.0 0.0 0.0
1.0 0.0 0.0
1.0 0.0 0.0
1.0 0.0 0.0
1.0 0.0 0.0
1.0 0.0 0.0
1.0 0.0 0.0
1.0 0.0 0.0
1.0 0.0 0.0
1.0 0.0 0.0
1.0 0.0 0.0
1.0 0.0 0.0
1.0 0.0 0.0
1.0 0.0 0.0
1.0 0.0 0.0
1.0 0.0 0.0
1.0 0.0 0.0
1.0 0.0 0.0
1.0 0.0 0.0
TEXTURE-VERTEX = 160
0.5 1.0
0.75 1.0
0.791667 1.0
0.833333 1.0
0.875 1.0
0.916667 1.0
0.958333 1.0
1.0 1.0
0.0416667 1.0
0.0833333 1.0
0.125 1.0
0.166667 1.0
0.208333 1.0
0.25 1.0
0.291667 1.0
0.333333 1.0
0.375 1.0
0.416667 1.0
0.458333 1.0
0.5 1.0
0.541667 1.0
0.583333 1.0
0.625 1.0
0.666667 1.0
0.708333 1.0
0.75 0.8
0.791667 0.8
0.833333 0.8
0.875 0.8
0.916667 0.8
0.958333 0.8
1.0 0.8
0.0416667 0.8
0.0833333 0.8
0.125 0.8
0.166667 0.8
0.208333 0.8
0.25 0.8
0.291667 0.8
0.333333 0.8
0.375 0.8
0.416667 0.8
0.458333 0.8
0.5 0.8
0.541667 0.8
0.583333 0.8
0.625 0.8
0.666667 0.8
0.708333 0.8
0.75 0.6
0.791667 0.6
0.833333 0.6
0.875 0.6
0.916667 0.6
0.958333 0.6
1.0 0.6
0.0416667 0.6
0.0833333 0.6
0.125 0.6
0.166667 0.6
0.208333 0.6
0.25 0.6
0.291667 0.6
0.333333 0.6
0.375 0.6
0.416667 0.6
0.458333 0.6
0.5 0.6
0.541667 0.6
0.583333 0.6
0.625 0.6
0.666667 0.6
0.708333 0.6
0.75 0.4
0.791667 0.4
0.833333 0.4
0.875 0.4
0.916667 0.4
0.958333 0.4
1.0 0.4
0.0416667 0.4
0.0833333 0.4
0.125 0.4
0.166667 0.4
0.208333 0.4
0.25 0.4
0.291667 0.4
0.333333 0.4
0.375 0.4
0.416667 0.4
0.458333 0.4
0.5 0.4
0.541667 0.4
0.583333 0.4
0.625 0.4
0.666667 0.4
0.708333 0.4
0.75 0.2
0.791667 0.2
0.833333 0.2
0.875 0.2
0.916667 0.2
0.958333 0.2
1.0 0.2
0.0416667 0.2
0.0833333 0.2
0.125 0.2
0.166667 0.2
0.208333 0.2
0.25 0.2
0.291667 0.2
0.333333 0.2
0.375 0.2
0.416667 0.2
0.458333 0.2
0.5 0.2
0.541667 0.2
0.583333 0.2
0.625 0.2
0.666667 0.2
0.708333 0.2
0.5 0.0
0.5 0.0
0.5 0.0
0.5 0.0
0.5 0.0
0.5 0.0
0.5 0.0
0.5 0.0
0.5 0.0
0.5 0.0
0.5 0.0
0.5 0.0
0.5 0.0
0.5 0.0
0.5 0.0
0.5 0.0
0.5 0.0
0.5 0.0
0.5 0.0
0.5 0.0
0.5 0.0
0.5 0.0
0.5 0.0
0.5 0.0
0.5 0.0
0.0 1.0
0.0 1.0
0.0 0.8
0.0 1.0
0.0 0.8
0.0 0.6
0.0 0.8
0.0 0.6
0.0 0.4
0.0 0.6
0.0 0.4
0.0 0.2
0.0 0.4
0.0 0.2
TEXTURE-FACE = 288
0 1 2
0 2 3
0 3 4
0 4 5
0 5 6
0 6 7
0 146 8
0 8 9
0 9 10
0 10 11
0 11 12
0 12 13
0 13 14
0 14 15
0 15 16
0 16 17
0 17 18
0 18 19
0 19 20
0 20 21
0 21 22
0 22 23
0 23 24
0 24 1
1 25 26
1 26 2
2 26 27
2 27 3
3 27 28
3 28 4
4 28 29
4 29 5
5 29 30
5 30 6
6 30 31
6 31 7
147 148 32
149 32 8
8 32 33
8 33 9
9 33 34
9 34 10
10 34 35
10 35 11
11 35 36
11 36 12
12 36 37
12 37 13
13 37 38
13 38 14
14 38 39
14 39 15
15 39 40
15 40 16
16 40 41
16 41 17
17 41 42
17 42 18
18 42 43
18 43 19
19 43 44
19 44 20
20 44 45
20 45 21
21 45 46
21 46 22
22 46 47
22 47 23
23 47 48
23 48 24
24 48 25
24 25 1
25 49 50
25 50 26
26 50 51
26 51 27
27 51 52
27 52 28
28 52 53
28 53 29
29 53 54
29 54 30
30 54 55
30 55 31
150 151 56
152 56 32
32 56 57
32 57 33
33 57 58
33 58 34
34 58 59
34 59 35
35 59 60
35 60 36
36 60 61
36 61 37
37 61 62
37 62 38
38 62 63
38 63 39
39 63 64
39 64 40
40 64 65
40 65 41
41 65 66
41 66 42
42 66 67
42 67 43
43 67 68
43 68 44
44 68 69
44 69 45
45 69 70
45 70 46
46 70 71
46 71 47
47 71 72
47 72 48
48 72 49
48 49 25
49 73 74
49 74 50
50 74 75
50 75 51
51 75 76
51 76 52
52 76 77
52 77 53
53 77 78
53 78 54
54 78 79
54 79 55
153 154 80
155 80 56
56 80 81
56 81 57
57 81 82
57 82 58
58 82 83
58 83 59
59 83 84
59 84 60
60 84 85
60 85 61
61 85 86
61 86 62
62 86 87
62 87 63
63 87 88
63 88 64
64 88 89
64 89 65
65 89 90
65 90 66
66 90 91
66 91 67
67 91 92
67 92 68
68 92 93
68 93 69
69 93 94
69 94 70
70 94 95
70 95 71
71 95 96
71 96 72
72 96 73
72 73 49
73 97 98
73 98 74
74 98 99
74 99 75
75 99 100
75 100 76
76 100 101
76 101 77
77 101 102
77 102 78
78 102 103
78 103 79
156 157 104
158 104 80
80 104 105
80 105 81
81 105 106
81 106 82
82 106 107
82 107 83
83 107 108
83 108 84
84 108 109
84 109 85
85 109 110
85 110 86
86 110 111
86 111 87
87 111 112
87 112 88
88 112 113
88 113 89
89 113 114
89 114 90
90 114 115
90 115 91
91 115 116
91 116 92
92 116 117
92 117 93
93 117 118
93 118 94
94 118 119
94 119 95
95 119 120
95 120 96
96 120 97
96 97 73
97 121 122
97 122 98
98 122 123
98 123 99
99 123 124
99 124 100
100 124 125
100 125 101
101 125 126
101 126 102
102 126 127
102 127 103
103 127 128
159 128 104
104 128 129
104 129 105
105 129 130
105 130 106
106 130 131
106 131 107
107 131 132
107 132 108
108 132 133
108 133 109
109 133 134
109 134 110
110 134 135
110 135 111
111 135 136
111 136 112
112 136 137
112 137 113
113 137 138
113 138 114
114 138 139
114 139 115
115 139 140
115 140 116
116 140 141
116 141 117
117 141 142
117 142 118
118 142 143
118 143 119
119 143 144
119 144 120
120 144 121
120 121 97
145 122 121
145 123 122
145 124 123
145 125 124
145 126 125
145 127 126
145 128 127
145 129 128
145 130 129
145 131 130
145 132 131
145 133 132
145 134 133
145 135 134
145 136 135
145 137 136
145 138 137
145 139 138
145 140 139
145 141 140
145 142 141
145 143 142
145 144 143
145 121 144
TEXTURE_FILE = °­¼Ò¶ó.jpg
