VERTEX = 146
0.0 0.0 0.0
252.258 0.0 0.0
243.662 0.0 65.2891
218.462 0.0 126.129
178.373 0.0 178.373
126.129 0.0 218.462
65.2891 0.0 243.662
1.90449e-005 0.0 252.258
-65.2891 0.0 243.662
-126.129 0.0 218.462
-178.373 0.0 178.373
-218.462 0.0 126.129
-243.662 0.0 65.2892
-252.258 0.0 9.82328e-005
-243.662 0.0 -65.289
-218.462 0.0 -126.129
-178.373 0.0 -178.373
-126.129 0.0 -218.462
-65.2892 0.0 -243.662
-0.000117278 0.0 -252.258
65.289 0.0 -243.662
126.129 0.0 -218.462
178.373 0.0 -178.373
218.461 0.0 -126.129
243.662 0.0 -65.2893
201.806 72.7008 0.0
194.93 72.7008 52.2313
174.769 72.7008 100.903
142.699 72.7008 142.699
100.903 72.7008 174.769
52.2313 72.7008 194.93
1.52359e-005 72.7008 201.806
-52.2313 72.7008 194.93
-100.903 72.7008 174.769
-142.698 72.7008 142.699
-174.769 72.7008 100.903
-194.93 72.7008 52.2313
-201.806 72.7008 7.85862e-005
-194.93 72.7008 -52.2312
-174.769 72.7008 -100.903
-142.699 72.7008 -142.698
-100.903 72.7008 -174.769
-52.2314 72.7008 -194.93
-9.38222e-005 72.7008 -201.806
52.2312 72.7008 -194.93
100.903 72.7008 -174.769
142.698 72.7008 -142.699
174.769 72.7008 -100.903
194.93 72.7008 -52.2314
151.355 145.402 0.0
146.197 145.402 39.1735
131.077 145.402 75.6773
107.024 145.402 107.024
75.6773 145.402 131.077
39.1735 145.402 146.197
1.1427e-005 145.402 151.355
-39.1734 145.402 146.197
-75.6773 145.402 131.077
-107.024 145.402 107.024
-131.077 145.402 75.6774
-146.197 145.402 39.1735
-151.355 145.402 5.89397e-005
-146.197 145.402 -39.1734
-131.077 145.402 -75.6772
-107.024 145.402 -107.024
-75.6774 145.402 -131.077
-39.1735 145.402 -146.197
-7.03666e-005 145.402 -151.355
39.1734 145.402 -146.197
75.6772 145.402 -131.077
107.024 145.402 -107.024
131.077 145.402 -75.6774
146.197 145.402 -39.1736
100.903 218.102 0.0
97.4649 218.102 26.1156
87.3846 218.102 50.4515
71.3492 218.102 71.3493
50.4515 218.102 87.3846
26.1156 218.102 97.4649
7.61797e-006 218.102 100.903
-26.1156 218.102 97.4649
-50.4515 218.102 87.3846
-71.3492 218.102 71.3493
-87.3846 218.102 50.4516
-97.4649 218.102 26.1157
-100.903 218.102 3.92931e-005
-97.4649 218.102 -26.1156
-87.3846 218.102 -50.4515
-71.3493 218.102 -71.3492
-50.4516 218.102 -87.3846
-26.1157 218.102 -97.4649
-4.69111e-005 218.102 -100.903
26.1156 218.102 -97.4649
50.4515 218.102 -87.3847
71.3492 218.102 -71.3493
87.3846 218.102 -50.4516
97.4649 218.102 -26.1157
50.4515 290.803 0.0
48.7324 290.803 13.0578
43.6923 290.803 25.2258
35.6746 290.803 35.6746
25.2258 290.803 43.6923
13.0578 290.803 48.7324
3.80898e-006 290.803 50.4515
-13.0578 290.803 48.7324
-25.2258 290.803 43.6923
-35.6746 290.803 35.6746
-43.6923 290.803 25.2258
-48.7324 290.803 13.0578
-50.4515 290.803 1.96466e-005
-48.7324 290.803 -13.0578
-43.6923 290.803 -25.2257
-35.6746 290.803 -35.6746
-25.2258 290.803 -43.6923
-13.0578 290.803 -48.7324
-2.34555e-005 290.803 -50.4515
13.0578 290.803 -48.7324
25.2257 290.803 -43.6923
35.6746 290.803 -35.6746
43.6923 290.803 -25.2258
48.7324 290.803 -13.0579
0.0 363.504 0.0
0.0 363.504 0.0
0.0 363.504 0.0
0.0 363.504 0.0
0.0 363.504 0.0
0.0 363.504 0.0
0.0 363.504 0.0
0.0 363.504 0.0
0.0 363.504 0.0
0.0 363.504 0.0
0.0 363.504 0.0
0.0 363.504 0.0
0.0 363.504 0.0
0.0 363.504 0.0
0.0 363.504 0.0
0.0 363.504 0.0
0.0 363.504 0.0
0.0 363.504 0.0
0.0 363.504 0.0
0.0 363.504 0.0
0.0 363.504 0.0
0.0 363.504 0.0
0.0 363.504 0.0
0.0 363.504 0.0
0.0 363.504 0.0
NORMAL = 146
0.0 -1.0 0.0
0.0 -2.87979 0.0
0.0 -2.87979 0.0
0.0 -2.87979 0.0
0.0 -2.87979 0.0
0.0 -2.87979 0.0
0.0 -2.87979 0.0
0.0 -2.87979 0.0
0.0 -2.87979 0.0
0.0 -2.87979 0.0
0.0 -2.87979 0.0
0.0 -2.87979 0.0
0.0 -2.87979 0.0
0.0 -2.87979 0.0
0.0 -2.87979 0.0
0.0 -2.87979 0.0
0.0 -2.87979 0.0
0.0 -2.87979 0.0
0.0 -2.87979 0.0
0.0 -2.87979 0.0
0.0 -2.87979 0.0
0.0 -2.87979 0.0
0.0 -2.87979 0.0
0.0 -2.87979 0.0
0.0 -2.87979 0.0
0.821556 0.570128 -1.81292e-007
0.793562 0.570128 0.212634
0.711488 0.570128 0.410778
0.580928 0.570128 0.580928
0.410778 0.570128 0.711488
0.212634 0.570128 0.793562
0.0 0.570128 0.821556
-0.212634 0.570128 0.793562
-0.410778 0.570128 0.711488
-0.580928 0.570128 0.580928
-0.711488 0.570128 0.410778
-0.793562 0.570128 0.212635
-0.821556 0.570128 3.24418e-007
-0.793562 0.570128 -0.212634
-0.711488 0.570128 -0.410778
-0.580928 0.570128 -0.580927
-0.410778 0.570128 -0.711488
-0.212635 0.570128 -0.793562
-3.27996e-007 0.570128 -0.821556
0.212634 0.570128 -0.793562
0.410777 0.570128 -0.711488
0.580927 0.570128 -0.580928
0.711488 0.570128 -0.410778
0.793562 0.570128 -0.212635
0.821556 0.570128 -1.83678e-007
0.793562 0.570128 0.212634
0.711488 0.570128 0.410778
0.580928 0.570128 0.580928
0.410778 0.570128 0.711488
0.212634 0.570128 0.793562
0.0 0.570128 0.821556
-0.212634 0.570128 0.793562
-0.410778 0.570128 0.711488
-0.580928 0.570128 0.580928
-0.711488 0.570128 0.410778
-0.793562 0.570128 0.212635
-0.821556 0.570128 2.5047e-007
-0.793562 0.570128 -0.212634
-0.711488 0.570128 -0.410777
-0.580928 0.570128 -0.580927
-0.410778 0.570128 -0.711488
-0.212635 0.570128 -0.793562
-4.29376e-007 0.570128 -0.821556
0.212634 0.570128 -0.793562
0.410778 0.570128 -0.711488
0.580927 0.570128 -0.580928
0.711488 0.570128 -0.410778
0.793562 0.570128 -0.212635
0.821556 0.570128 -2.05147e-007
0.793562 0.570128 0.212634
0.711488 0.570128 0.410778
0.580928 0.570128 0.580928
0.410778 0.570128 0.711488
0.212634 0.570128 0.793562
0.0 0.570128 0.821556
-0.212634 0.570128 0.793562
-0.410778 0.570128 0.711488
-0.580927 0.570128 0.580928
-0.711488 0.570128 0.410778
-0.793562 0.570128 0.212635
-0.821556 0.570128 3.31574e-007
-0.793562 0.570128 -0.212634
-0.711488 0.570128 -0.410778
-0.580928 0.570128 -0.580927
-0.410778 0.570128 -0.711488
-0.212635 0.570128 -0.793562
-3.60199e-007 0.570128 -0.821556
0.212634 0.570128 -0.793562
0.410778 0.570128 -0.711488
0.580927 0.570128 -0.580928
0.711488 0.570128 -0.410778
0.793562 0.570128 -0.212635
0.821556 0.570128 -1.93219e-007
0.793562 0.570128 0.212634
0.711488 0.570128 0.410778
0.580928 0.570128 0.580928
0.410778 0.570128 0.711488
0.212634 0.570128 0.793562
0.0 0.570128 0.821556
-0.212634 0.570128 0.793562
-0.410778 0.570128 0.711488
-0.580927 0.570128 0.580928
-0.711488 0.570128 0.410778
-0.793562 0.570128 0.212635
-0.821556 0.570128 3.43501e-007
-0.793562 0.570128 -0.212634
-0.711488 0.570128 -0.410778
-0.580928 0.570128 -0.580927
-0.410778 0.570128 -0.711488
-0.212635 0.570128 -0.793562
-3.43501e-007 0.570128 -0.821556
0.212634 0.570128 -0.793562
0.410778 0.570128 -0.711488
0.580927 0.570128 -0.580928
0.711488 0.570128 -0.410778
0.793562 0.570128 -0.212635
0.121679 0.0844404 -0.0160194
0.121678 0.0844401 0.0160192
0.113386 0.0844401 0.0469661
0.097367 0.0844401 0.0747123
0.0747123 0.0844401 0.097367
0.0469661 0.0844401 0.113386
0.0160193 0.0844401 0.121678
-0.0160193 0.0844401 0.121678
-0.0469661 0.0844401 0.113386
-0.0747123 0.0844401 0.097367
-0.0973669 0.0844401 0.0747123
-0.113386 0.0844401 0.0469661
-0.121678 0.0844401 0.0160193
-0.121678 0.0844401 -0.0160192
-0.113386 0.0844401 -0.0469661
-0.097367 0.0844401 -0.0747122
-0.0747124 0.0844401 -0.0973669
-0.0469662 0.0844401 -0.113386
-0.0160193 0.0844401 -0.121678
0.0160192 0.0844399 -0.121678
0.046966 0.0844401 -0.113386
0.0747121 0.0844399 -0.0973668
0.0973667 0.08444 -0.0747122
0.113386 0.0844401 -0.0469662
1.0 0.0 0.0
INDEX = 288
0 1 2
0 2 3
0 3 4
0 4 5
0 5 6
0 6 7
0 7 8
0 8 9
0 9 10
0 10 11
0 11 12
0 12 13
0 13 14
0 14 15
0 15 16
0 16 17
0 17 18
0 18 19
0 19 20
0 20 21
0 21 22
0 22 23
0 23 24
0 24 1
1 25 26
1 26 2
2 26 27
2 27 3
3 27 28
3 28 4
4 28 29
4 29 5
5 29 30
5 30 6
6 30 31
6 31 7
7 31 32
7 32 8
8 32 33
8 33 9
9 33 34
9 34 10
10 34 35
10 35 11
11 35 36
11 36 12
12 36 37
12 37 13
13 37 38
13 38 14
14 38 39
14 39 15
15 39 40
15 40 16
16 40 41
16 41 17
17 41 42
17 42 18
18 42 43
18 43 19
19 43 44
19 44 20
20 44 45
20 45 21
21 45 46
21 46 22
22 46 47
22 47 23
23 47 48
23 48 24
24 48 25
24 25 1
25 49 50
25 50 26
26 50 51
26 51 27
27 51 52
27 52 28
28 52 53
28 53 29
29 53 54
29 54 30
30 54 55
30 55 31
31 55 56
31 56 32
32 56 57
32 57 33
33 57 58
33 58 34
34 58 59
34 59 35
35 59 60
35 60 36
36 60 61
36 61 37
37 61 62
37 62 38
38 62 63
38 63 39
39 63 64
39 64 40
40 64 65
40 65 41
41 65 66
41 66 42
42 66 67
42 67 43
43 67 68
43 68 44
44 68 69
44 69 45
45 69 70
45 70 46
46 70 71
46 71 47
47 71 72
47 72 48
48 72 49
48 49 25
49 73 74
49 74 50
50 74 75
50 75 51
51 75 76
51 76 52
52 76 77
52 77 53
53 77 78
53 78 54
54 78 79
54 79 55
55 79 80
55 80 56
56 80 81
56 81 57
57 81 82
57 82 58
58 82 83
58 83 59
59 83 84
59 84 60
60 84 85
60 85 61
61 85 86
61 86 62
62 86 87
62 87 63
63 87 88
63 88 64
64 88 89
64 89 65
65 89 90
65 90 66
66 90 91
66 91 67
67 91 92
67 92 68
68 92 93
68 93 69
69 93 94
69 94 70
70 94 95
70 95 71
71 95 96
71 96 72
72 96 73
72 73 49
73 97 98
73 98 74
74 98 99
74 99 75
75 99 100
75 100 76
76 100 101
76 101 77
77 101 102
77 102 78
78 102 103
78 103 79
79 103 104
79 104 80
80 104 105
80 105 81
81 105 106
81 106 82
82 106 107
82 107 83
83 107 108
83 108 84
84 108 109
84 109 85
85 109 110
85 110 86
86 110 111
86 111 87
87 111 112
87 112 88
88 112 113
88 113 89
89 113 114
89 114 90
90 114 115
90 115 91
91 115 116
91 116 92
92 116 117
92 117 93
93 117 118
93 118 94
94 118 119
94 119 95
95 119 120
95 120 96
96 120 97
96 97 73
97 121 122
97 122 98
98 122 123
98 123 99
99 123 124
99 124 100
100 124 125
100 125 101
101 125 126
101 126 102
102 126 127
102 127 103
103 127 128
103 128 104
104 128 129
104 129 105
105 129 130
105 130 106
106 130 131
106 131 107
107 131 132
107 132 108
108 132 133
108 133 109
109 133 134
109 134 110
110 134 135
110 135 111
111 135 136
111 136 112
112 136 137
112 137 113
113 137 138
113 138 114
114 138 139
114 139 115
115 139 140
115 140 116
116 140 141
116 141 117
117 141 142
117 142 118
118 142 143
118 143 119
119 143 144
119 144 120
120 144 121
120 121 97
145 122 121
145 123 122
145 124 123
145 125 124
145 126 125
145 127 126
145 128 127
145 129 128
145 130 129
145 131 130
145 132 131
145 133 132
145 134 133
145 135 134
145 136 135
145 137 136
145 138 137
145 139 138
145 140 139
145 141 140
145 142 141
145 143 142
145 144 143
145 121 144
